sp|A4D1E9|GTPBA_HUMAN	Ocbimv22015945m	50.437	387	343	169	1	2	344	34	1059	3.77e-85	264	0.886305
sp|O00308|WWP2_HUMAN	Ocbimv22019292m	74.561	870	570	139	4	305	870	421	2124	0.0	907	0.655172
sp|O15226|NKRF_HUMAN	Ocbimv22004994m	29.640	690	361	197	13	378	688	880	1941	6.83e-34	137	0.523188
sp|O15381|NVL_HUMAN	Ocbimv22005630m	60.456	856	526	184	5	346	847	1	1578	0.0	614	0.614486
sp|O43542|XRCC3_HUMAN	Ocbimv22002312m	33.945	346	218	119	5	132	339	10	618	8.20e-37	132	0.630058
sp|O43663|PRC1_HUMAN	Ocbimv22005583m	32.821	620	585	365	7	4	584	73	1755	2.38e-80	266	0.943548
sp|O60216|RAD21_HUMAN	Ocbimv22025026m	50.224	631	446	151	7	1	393	1	1284	4.37e-129	397	0.706815
sp|O60765|Z354A_HUMAN	Ocbimv22018765m	48.060	605	464	238	2	141	601	349	1740	6.78e-141	421	0.766942
sp|O60832|DKC1_HUMAN	Ocbimv22013952m	71.795	514	390	110	0	26	415	124	1293	0.0	603	0.758755
sp|O75569|PRKRA_HUMAN	Ocbimv22018483m	34.268	313	321	161	7	27	309	28	954	7.14e-36	131	1.02556
sp|O76021|RL1D1_HUMAN	Ocbimv22012710m	30.980	490	255	167	4	30	279	19	771	4.80e-36	137	0.520408
sp|O94761|RECQ4_HUMAN	Ocbimv22038804m	43.346	1208	789	398	13	447	1205	1711	4020	0.0	624	0.653146
sp|O94874|UFL1_HUMAN	Ocbimv22009235m	42.553	794	564	309	7	4	561	7	1671	2.40e-135	412	0.710327
sp|O95235|KI20A_HUMAN	Ocbimv22017211m	39.499	890	519	253	11	31	508	55	1551	3.20e-89	311	0.583146
sp|O95478|NSA2_HUMAN	Ocbimv22015324m	83.462	260	260	43	0	1	260	1	780	4.30e-155	432	1
sp|O95793|STAU1_HUMAN	Ocbimv22006450m	34.680	577	297	129	6	276	555	7	753	1.24e-40	149	0.514731
sp|P04637|P53_HUMAN	Ocbimv22001920m	39.922	393	258	150	5	96	350	406	1173	5.01e-59	197	0.656489
sp|P05386|RLA1_HUMAN	Ocbimv22024382m	59.130	114	115	46	1	1	114	1	345	1.99e-24	89.7	1.00877
sp|P05387|RLA2_HUMAN	Ocbimv22010428m	53.226	115	62	29	0	1	62	1	186	1.79e-14	64.3	0.53913
sp|P05388|RLA0_HUMAN	Ocbimv22035130m	71.375	317	269	77	0	1	269	1	807	2.94e-139	396	0.84858
sp|P08559|ODPA_HUMAN	Ocbimv22035177m	63.687	390	358	128	2	27	383	73	1143	5.30e-163	462	0.917949
sp|P0C0S8|H2A1_HUMAN	Ocbimv22008841m	90.909	130	99	9	0	24	122	67	363	1.06e-62	187	0.761538
sp|P11387|TOP1_HUMAN	Ocbimv22035305m	71.942	765	556	156	0	210	765	964	2631	0.0	814	0.726797
sp|P14678|RSMB_HUMAN	Ocbimv22036307m	76.667	240	150	34	1	1	149	169	618	1.66e-64	202	0.625
sp|P15927|RFA2_HUMAN	Ocbimv22017318m	37.688	270	199	112	5	74	269	1	570	1.81e-42	143	0.737037
sp|P16104|H2AX_HUMAN	Ocbimv22018720m	80.992	143	121	20	2	23	143	64	417	4.50e-65	194	0.846154
sp|P17026|ZNF22_HUMAN	Ocbimv22031085m	57.746	224	142	60	0	53	194	94	519	1.54e-55	174	0.633929
sp|P18077|RL35A_HUMAN	Ocbimv22030932m	75.229	110	109	26	1	3	110	70	396	1.49e-53	164	0.990909
sp|P18124|RL7_HUMAN	Ocbimv22037121m	68.342	248	199	63	0	50	248	127	723	1.07e-89	265	0.802419
sp|P18621|RL17_HUMAN	Ocbimv22006581m	77.500	184	160	36	0	1	160	1	480	6.01e-90	261	0.869565
sp|P19525|E2AK2_HUMAN	Ocbimv22011054m	33.739	551	329	160	10	261	533	238	1218	2.37e-33	132	0.597096
sp|P20290|BTF3_HUMAN	Ocbimv22007864m	67.925	206	159	47	2	50	204	1	477	4.34e-61	187	0.771845
sp|P26373|RL13_HUMAN	Ocbimv22002209m	57.820	211	211	89	0	1	211	1	633	1.07e-67	206	1
sp|P27694|RFA1_HUMAN	Ocbimv22031656m	50.700	616	357	173	3	254	610	1	1062	1.84e-131	389	0.579545
sp|P27695|APEX1_HUMAN	Ocbimv22032515m	52.434	318	267	122	4	53	318	67	855	6.27e-102	300	0.839623
sp|P30050|RL12_HUMAN	Ocbimv22027712m	71.053	165	152	44	0	13	164	37	492	3.50e-78	230	0.921212
sp|P31948|STIP1_HUMAN	Ocbimv22007837m	57.764	543	322	133	1	222	543	16	972	2.70e-131	385	0.593002
sp|P35226|BMI1_HUMAN	Ocbimv22031838m	37.339	326	233	135	2	1	228	1	681	6.24e-55	179	0.714724
sp|P35232|PHB1_HUMAN	Ocbimv22022740m	73.801	272	271	71	0	1	271	1	813	4.65e-140	395	0.996324
sp|P35244|RFA3_HUMAN	Ocbimv22035078m	36.697	121	109	68	1	10	117	25	351	5.45e-21	81.3	0.900826
sp|P35606|COPB2_HUMAN	Ocbimv22025549m	83.301	906	515	86	0	1	515	1	1545	0.0	949	0.568433
sp|P36578|RL4_HUMAN	Ocbimv22038731m	71.053	427	342	99	0	2	343	10	1035	5.16e-164	470	0.800937
sp|P39023|RL3_HUMAN	Ocbimv22027429m	71.250	403	400	115	0	1	400	1	1200	0.0	600	0.992556
sp|P40429|RL13A_HUMAN	Ocbimv22020433m	63.265	203	196	72	0	5	200	16	603	5.47e-88	257	0.965517
sp|P41002|CCNF_HUMAN	Ocbimv22019188m	38.783	786	575	341	6	50	620	160	1863	5.05e-115	366	0.731552
sp|P42696|RBM34_HUMAN	Ocbimv22026370m	45.106	430	235	110	6	136	367	295	951	2.64e-57	193	0.546512
sp|P43361|MAGA8_HUMAN	Ocbimv22031431m	34.211	318	190	122	2	110	296	130	699	2.45e-22	94.0	0.597484
sp|P46776|RL27A_HUMAN	Ocbimv22027260m	68.919	148	148	45	1	1	147	1	444	2.52e-57	175	1
sp|P46777|RL5_HUMAN	Ocbimv22027341m	68.621	297	290	91	0	1	290	1	870	8.50e-149	419	0.976431
sp|P46778|RL21_HUMAN	Ocbimv22012391m	63.750	160	160	58	0	1	160	1	480	8.16e-73	215	1
sp|P46783|RS10_HUMAN	Ocbimv22030652m	64.667	165	150	39	6	1	146	1	420	9.52e-57	175	0.909091
sp|P47756|CAPZB_HUMAN	Ocbimv22019117m	68.447	272	206	27	1	13	218	1	504	1.17e-98	288	0.757353
sp|P48431|SOX2_HUMAN	Ocbimv22024292m	51.211	317	289	101	7	34	317	115	876	1.26e-75	233	0.911672
sp|P49116|NR2C2_HUMAN	Ocbimv22010591m	45.249	596	442	193	9	184	593	7	1281	1.31e-110	338	0.741611
sp|P49458|SRP09_HUMAN	Ocbimv22007979m	58.182	86	55	23	0	25	79	1	165	6.67e-17	67.8	0.639535
sp|P49459|UBE2A_HUMAN	Ocbimv22027657m	83.453	152	139	23	0	13	151	1	417	2.32e-88	254	0.914474
sp|P49759|CLK1_HUMAN	Ocbimv22025042m	62.891	484	256	94	1	227	482	1	765	2.00e-120	355	0.528926
sp|P50750|CDK9_HUMAN	Ocbimv22018950m	76.344	372	372	82	2	1	372	1	1098	0.0	576	1
sp|P50914|RL14_HUMAN	Ocbimv22009408m	59.843	215	127	50	1	1	126	1	381	2.07e-42	140	0.590698
sp|P51398|RT29_HUMAN	Ocbimv22037394m	47.126	398	348	183	1	50	396	169	1212	3.31e-115	342	0.874372
sp|P58043|SESN2_MOUSE	Ocbimv22009760m	46.785	480	451	223	6	38	480	31	1356	4.41e-132	389	0.939583
sp|P61247|RS3A_HUMAN	Ocbimv22032319m	82.197	264	264	47	0	1	264	1	792	7.27e-159	441	1
sp|P61254|RL26_HUMAN	Ocbimv22006142m	77.857	145	140	30	1	1	140	1	417	6.01e-67	199	0.965517
sp|P61313|RL15_HUMAN	Ocbimv22021006m	79.412	204	204	42	0	1	204	1	612	1.76e-101	291	1
sp|P61353|RL27_HUMAN	Ocbimv22016123m	74.265	136	136	35	0	1	136	1	408	1.38e-66	197	1
sp|P61513|RL37A_HUMAN	Ocbimv22008849m	76.087	92	92	22	0	1	92	1	276	4.95e-47	145	1
sp|P62241|RS8_HUMAN	Ocbimv22030732m	72.832	208	173	47	0	36	208	4	522	9.19e-93	268	0.831731
sp|P62249|RS16_HUMAN	Ocbimv22016933m	86.014	146	143	20	0	4	146	16	444	1.30e-88	254	0.979452
sp|P62277|RS13_HUMAN	Ocbimv22001297m	93.377	151	151	10	0	1	151	1	453	1.37e-103	292	1
sp|P62424|RL7A_HUMAN	Ocbimv22034497m	75.978	266	179	43	0	29	207	82	618	1.22e-99	290	0.672932
sp|P62714|PP2AB_HUMAN	Ocbimv22011907m	92.557	309	309	23	0	1	309	4	930	0.0	615	1
sp|P62753|RS6_HUMAN	Ocbimv22007935m	72.609	249	230	59	1	1	226	1	690	2.15e-98	304	0.923695
sp|P62805|H4_HUMAN	Ocbimv22001847m	100.000	103	82	0	0	22	103	64	309	7.08e-54	163	0.796117
sp|P62854|RS26_HUMAN	Ocbimv22003032m	87.500	115	96	12	0	1	96	1	288	2.61e-45	142	0.834783
sp|P62877|RBX1_HUMAN	Ocbimv22015958m	84.034	108	119	7	2	1	108	1	354	6.55e-68	199	1.10185
sp|P62888|RL30_HUMAN	Ocbimv22024380m	80.180	115	111	22	0	1	111	1	333	1.54e-64	191	0.965217
sp|P62899|RL31_HUMAN	Ocbimv22015735m	64.545	125	110	39	0	14	123	28	357	3.26e-35	117	0.88
sp|P62906|RL10A_HUMAN	Ocbimv22039813m	73.272	217	217	58	0	1	217	1	651	4.29e-101	291	1
sp|P62910|RL32_HUMAN	Ocbimv22002875m	78.788	135	132	28	0	4	135	4	399	5.22e-67	199	0.977778
sp|P62913|RL11_HUMAN	Ocbimv22036083m	80.114	178	176	35	0	3	178	13	540	7.71e-108	305	0.988764
sp|P63162|RSMN_HUMAN	Ocbimv22036307m	72.973	240	148	39	1	1	147	169	612	2.68e-58	186	0.616667
sp|P78563|RED1_HUMAN	Ocbimv22009676m	57.771	741	682	224	8	60	740	31	1887	0.0	699	0.920378
sp|P82675|RT05_HUMAN	Ocbimv22012437m	42.308	430	338	177	7	62	387	40	1035	4.51e-77	245	0.786047
sp|P82933|RT09_HUMAN	Ocbimv22035542m	47.368	396	323	169	1	74	396	226	1191	1.50e-98	299	0.815657
sp|P83105|HTRA4_HUMAN	Ocbimv22033786m	45.593	476	329	154	6	164	475	307	1269	2.06e-85	269	0.691176
sp|P84098|RL19_HUMAN	Ocbimv22015472m	79.720	196	143	29	0	1	143	1	429	1.32e-73	220	0.729592
sp|Q00341|VIGLN_HUMAN	Ocbimv22021537m	49.383	1268	1134	492	16	26	1118	13	3291	0.0	944	0.894322
sp|Q00577|PURA_HUMAN	Ocbimv22004936m	54.673	322	214	85	4	68	279	4	615	5.51e-77	234	0.664596
sp|Q02241|KIF23_HUMAN	Ocbimv22029986m	41.778	960	675	361	12	1	660	1	1974	4.23e-154	477	0.703125
sp|Q02543|RL18A_HUMAN	Ocbimv22030855m	66.477	176	176	59	0	1	176	1	528	8.80e-87	252	1
sp|Q02878|RL6_HUMAN	Ocbimv22018378m	50.202	288	247	115	4	46	288	103	831	9.44e-65	204	0.857639
sp|Q03701|CEBPZ_HUMAN	Ocbimv22037159m	36.350	1054	685	393	13	150	818	382	2355	1.94e-135	434	0.649905
sp|Q03936|ZNF92_HUMAN	Ocbimv22015305m	56.136	586	440	192	1	140	578	97	1416	7.53e-161	468	0.750853
sp|Q06330|SUH_HUMAN	Ocbimv22031645m	87.220	500	446	57	0	29	474	643	1980	0.0	810	0.892
sp|Q06787|FMR1_HUMAN	Ocbimv22004946m	42.586	632	526	250	9	1	522	1	1434	3.45e-128	393	0.832278
sp|Q07020|RL18_HUMAN	Ocbimv22033461m	70.213	188	188	55	1	1	188	1	561	1.28e-92	268	1
sp|Q07955|SRSF1_HUMAN	Ocbimv22033217m	65.803	248	193	55	3	3	195	28	573	3.34e-63	197	0.778226
sp|Q08211|DHX9_HUMAN	Ocbimv22005389m	59.948	1270	1161	428	11	1	1148	1	3411	0.0	1409	0.914173
sp|Q08945|SSRP1_HUMAN	Ocbimv22006454m	60.987	709	446	166	4	19	460	148	1473	0.0	584	0.629055
sp|Q12873|CHD3_HUMAN	Ocbimv22018363m	69.264	2000	1168	305	16	372	1515	709	4122	0.0	1528	0.584
sp|Q12894|IFRD2_HUMAN	Ocbimv22016008m	42.971	506	377	211	3	128	503	163	1284	2.44e-64	215	0.745059
sp|Q12905|ILF2_HUMAN	Ocbimv22032461m	71.779	390	326	91	1	27	352	130	1104	4.98e-177	498	0.835897
sp|Q13148|TADBP_HUMAN	Ocbimv22016252m	67.547	414	265	84	2	1	264	1	792	3.00e-134	390	0.640097
sp|Q13155|AIMP2_HUMAN	Ocbimv22030574m	26.994	320	326	197	9	3	319	49	930	3.54e-18	83.6	1.01875
sp|Q13177|PAK2_HUMAN	Ocbimv22029877m	69.651	524	458	125	5	71	523	31	1377	0.0	615	0.874046
sp|Q13206|DDX10_HUMAN	Ocbimv22036413m	59.483	875	464	185	2	63	523	1	1392	0.0	584	0.530286
sp|Q13243|SRSF5_HUMAN	Ocbimv22018215m	68.707	272	147	43	1	3	146	28	468	7.93e-50	165	0.540441
sp|Q13526|PIN1_HUMAN	Ocbimv22009264m	59.748	163	159	57	1	4	162	4	459	1.83e-65	197	0.97546
sp|Q13823|NOG2_HUMAN	Ocbimv22023402m	52.425	731	536	168	7	12	544	52	1407	0.0	539	0.733242
sp|Q14683|SMC1A_HUMAN	Ocbimv22009928m	62.439	1233	1238	452	5	2	1229	7	3711	0.0	1400	1.00406
sp|Q14839|CHD4_HUMAN	Ocbimv22018363m	67.627	1912	1180	329	15	363	1525	709	4140	0.0	1543	0.617155
sp|Q15022|SUZ12_HUMAN	Ocbimv22037161m	48.754	739	642	290	14	75	688	202	2094	0.0	610	0.868742
sp|Q15050|RRS1_HUMAN	Ocbimv22004127m	55.479	365	292	124	4	6	296	13	873	2.83e-85	261	0.8
sp|Q15058|KIF14_HUMAN	Ocbimv22039483m	42.973	1648	861	404	19	355	1176	151	2589	0.0	600	0.522451
sp|Q15397|PUM3_HUMAN	Ocbimv22027702m	41.538	648	520	296	4	129	644	787	2334	1.04e-135	416	0.802469
sp|Q15573|TAF1A_HUMAN	Ocbimv22029264m	25.882	450	340	221	10	60	385	301	1269	1.10e-21	97.4	0.755556
sp|Q15717|ELAV1_HUMAN	Ocbimv22038455m	63.736	326	273	92	3	54	322	103	912	1.82e-122	353	0.837423
sp|Q15910|EZH2_HUMAN	Ocbimv22018841m	55.912	746	685	252	7	3	675	193	2133	0.0	727	0.918231
sp|Q16658|FSCN1_HUMAN	Ocbimv22031980m	44.485	493	272	143	4	9	277	43	843	2.35e-71	229	0.551724
sp|Q29RF7|PDS5A_HUMAN	Ocbimv22000721m	47.588	1337	1057	495	11	21	1073	28	3033	0.0	957	0.790576
sp|Q49A26|GLYR1_HUMAN	Ocbimv22024900m	55.102	553	294	132	0	257	550	832	1713	4.64e-107	332	0.531646
sp|Q49AN0|CRY2_HUMAN	Ocbimv22004377m	62.628	593	487	135	1	25	511	28	1347	0.0	669	0.821248
sp|Q53T94|TAF1B_HUMAN	Ocbimv22014884m	26.444	588	329	190	11	10	329	10	867	8.70e-24	105	0.559524
sp|Q5JTH9|RRP12_HUMAN	Ocbimv22024425m	38.895	1297	869	502	9	3	862	19	2565	0.0	580	0.670008
sp|Q5U5Q3|MEX3C_HUMAN	Ocbimv22019373m	45.585	659	487	180	17	251	659	172	1611	3.93e-85	277	0.738998
sp|Q69YN4|VIR_HUMAN	Ocbimv22014679m	28.953	1812	1537	826	40	321	1733	1435	5619	2.81e-126	440	0.848234
sp|Q6DKI1|RL7L_HUMAN	Ocbimv22037121m	43.750	255	240	135	0	15	254	1	720	9.71e-58	184	0.941176
sp|Q6I9Y2|THOC7_HUMAN	Ocbimv22013626m	56.452	204	186	80	1	7	191	1	558	2.58e-56	176	0.911765
sp|Q6IQ21|ZN770_HUMAN	Ocbimv22004025m	26.822	691	686	444	19	25	680	379	2352	5.33e-55	204	0.992764
sp|Q6KC79|NIPBL_HUMAN	Ocbimv22034821m	54.793	2804	1471	597	19	1188	2625	811	5118	0.0	1548	0.524608
sp|Q6PDM2|SRSF1_MOUSE	Ocbimv22033217m	65.803	248	193	55	3	3	195	28	573	3.34e-63	197	0.778226
sp|Q6PK04|CC137_HUMAN	Ocbimv22009427m	29.947	289	187	101	5	120	276	385	945	1.77e-08	54.7	0.647059
sp|Q6ZTA4|TRI67_HUMAN	Ocbimv22005302m	33.914	783	631	323	12	1	619	1	1647	1.10e-104	332	0.805875
sp|Q6ZWV7|RL35_MOUSE	Ocbimv22037095m	75.789	123	95	23	0	29	123	85	369	1.99e-38	125	0.772358
sp|Q7KZN9|COX15_HUMAN	Ocbimv22031823m	63.793	410	348	121	2	65	410	274	1308	4.55e-156	447	0.84878
sp|Q7L2E3|DHX30_HUMAN	Ocbimv22013056m	34.282	1194	738	400	15	443	1139	4	2085	4.18e-129	411	0.61809
sp|Q7L3S4|ZN771_HUMAN	Ocbimv22005847m	54.854	317	206	93	0	63	268	28	645	2.03e-80	243	0.649842
sp|Q86VP6|CAND1_HUMAN	Ocbimv22038026m	68.569	1230	1244	369	8	1	1230	1	3708	0.0	1659	1.01138
sp|Q8IY81|SPB1_HUMAN	Ocbimv22017422m	49.550	847	444	198	3	1	443	1	1257	4.70e-135	422	0.524203
sp|Q8N3U4|STAG2_HUMAN	Ocbimv22035251m	50.147	1231	680	318	10	378	1051	1	1995	0.0	647	0.552396
sp|Q8N4V1|EMC5_HUMAN	Ocbimv22033870m	49.505	131	101	51	0	1	101	1	303	5.71e-26	94.0	0.770992
sp|Q8N6T7|SIR6_HUMAN	Ocbimv22006578m	62.950	355	278	101	1	1	278	1	828	6.65e-128	372	0.783099
sp|Q8N8A6|DDX51_HUMAN	Ocbimv22002718m	41.524	666	525	275	6	166	663	658	2217	2.32e-131	404	0.788288
sp|Q8NB14|UBP38_HUMAN	Ocbimv22017408m	26.475	1042	627	422	12	1	620	1	1785	3.38e-53	201	0.601727
sp|Q8NB50|ZFP62_HUMAN	Ocbimv22015185m	55.278	900	720	321	1	146	864	43	2202	0.0	806	0.8
sp|Q8NEJ9|NGDN_HUMAN	Ocbimv22002449m	38.621	315	290	165	5	3	290	19	855	4.39e-37	134	0.920635
sp|Q8NI27|THOC2_HUMAN	Ocbimv22039291m	60.017	1593	1198	459	11	4	1195	4	3555	0.0	1437	0.75204
sp|Q8NI36|WDR36_HUMAN	Ocbimv22005121m	48.546	951	894	448	5	65	949	4	2676	0.0	847	0.940063
sp|Q8TBF4|ZCRB1_HUMAN	Ocbimv22011011m	51.598	217	219	92	4	1	217	1	621	4.47e-67	205	1.00922
sp|Q8TDD1|DDX54_HUMAN	Ocbimv22000398m	46.512	881	731	345	13	139	838	1	2148	0.0	553	0.829739
sp|Q8TDN6|BRX1_HUMAN	Ocbimv22017853m	58.555	353	263	107	1	50	312	103	885	3.69e-113	331	0.745042
sp|Q8TF39|ZN483_HUMAN	Ocbimv22015524m	46.966	744	445	223	4	308	744	46	1365	2.14e-125	382	0.598118
sp|Q8WTT2|NOC3L_HUMAN	Ocbimv22010796m	41.890	800	635	349	7	122	745	304	2181	5.06e-143	439	0.79375
sp|Q8WUY9|DEP1B_HUMAN	Ocbimv22019359m	38.488	529	291	165	3	9	299	43	873	3.24e-61	215	0.550095
sp|Q8WVM7|STAG1_HUMAN	Ocbimv22035250m	44.524	1258	840	415	15	381	1192	1	2451	0.0	684	0.667727
sp|Q92482|AQP3_HUMAN	Ocbimv22038830m	45.149	292	268	145	2	17	282	19	822	4.25e-74	228	0.917808
sp|Q92560|BAP1_HUMAN	Ocbimv22011703m	43.288	729	730	303	16	1	711	58	1971	1.49e-166	495	1.00137
sp|Q92772|CDKL2_HUMAN	Ocbimv22007919m	55.777	493	251	110	1	58	307	4	756	2.44e-110	330	0.509128
sp|Q92900|RENT1_HUMAN	Ocbimv22013075m	76.908	1129	1035	193	7	116	1118	4	3066	0.0	1588	0.91674
sp|Q969H0|FBXW7_HUMAN	Ocbimv22005577m	73.619	707	561	128	5	150	705	1024	2661	0.0	854	0.793494
sp|Q969Q0|RL36L_HUMAN	Ocbimv22019693m	76.636	106	107	21	2	2	106	1	315	2.26e-50	154	1.00943
sp|Q96CF2|CHM4C_HUMAN	Ocbimv22026878m	55.140	233	214	87	2	19	232	49	663	8.84e-44	147	0.918455
sp|Q96CS4|ZN689_HUMAN	Ocbimv22025537m	48.773	500	326	167	0	151	476	13	990	3.47e-100	305	0.652
sp|Q96CT7|CC124_HUMAN	Ocbimv22013575m	50.000	223	214	98	3	1	214	1	615	2.36e-43	145	0.959641
sp|Q96FV9|THOC1_HUMAN	Ocbimv22037023m	49.454	657	641	281	5	8	620	19	1896	0.0	585	0.975647
sp|Q96G21|IMP4_HUMAN	Ocbimv22000559m	59.839	291	249	99	1	42	289	124	870	2.93e-116	336	0.85567
sp|Q96GQ7|DDX27_HUMAN	Ocbimv22005799m	67.483	796	449	141	1	207	655	457	1788	0.0	579	0.56407
sp|Q96IR2|ZN845_HUMAN	Ocbimv22004025m	48.837	970	903	444	7	74	969	1186	3861	0.0	818	0.930928
sp|Q96LW1|Z354B_HUMAN	Ocbimv22018765m	48.465	612	456	235	0	146	601	373	1740	2.98e-146	435	0.745098
sp|Q99575|POP1_HUMAN	Ocbimv22014257m	36.719	1024	640	358	12	98	713	70	1920	3.53e-118	382	0.625
sp|Q99848|EBP2_HUMAN	Ocbimv22034069m	42.904	306	303	147	6	19	305	34	912	3.39e-64	204	0.990196
sp|Q99853|FOXB1_HUMAN	Ocbimv22011663m	69.189	325	185	47	3	1	181	1	537	4.96e-74	231	0.569231
sp|Q99873|ANM1_HUMAN	Ocbimv22001258m	77.219	371	338	75	1	36	371	28	1041	0.0	527	0.911051
sp|Q9BQ39|DDX50_HUMAN	Ocbimv22008502m	49.212	737	571	283	5	98	666	13	1710	9.97e-170	502	0.774763
sp|Q9BQ67|GRWD1_HUMAN	Ocbimv22026676m	49.492	446	394	193	3	53	446	124	1287	9.62e-136	397	0.883408
sp|Q9BRJ6|CG050_HUMAN	Ocbimv22014173m	39.604	194	101	52	2	102	193	283	585	2.84e-17	75.9	0.520619
sp|Q9BSC4|NOL10_HUMAN	Ocbimv22021480m	49.928	688	697	317	6	1	674	1	2064	0.0	643	1.01308
sp|Q9BVI4|NOC4L_HUMAN	Ocbimv22026713m	46.743	516	261	135	4	246	504	376	1152	7.31e-48	170	0.505814
sp|Q9BVP2|GNL3_HUMAN	Ocbimv22007875m	40.312	549	449	248	9	7	438	19	1356	7.11e-80	262	0.817851
sp|Q9BXW9|FACD2_HUMAN	Ocbimv22034737m	35.122	1451	820	441	15	30	831	76	2316	1.12e-130	423	0.565127
sp|Q9BYF1|ACE2_HUMAN	Ocbimv22011562m	40.840	805	595	319	15	24	606	70	1791	1.22e-144	439	0.73913
sp|Q9BYG3|MK67I_HUMAN	Ocbimv22026662m	39.394	293	264	137	3	12	271	49	783	2.01e-43	150	0.901024
sp|Q9BZE4|GTPB4_HUMAN	Ocbimv22009417m	62.347	634	571	205	5	66	634	25	1713	0.0	639	0.900631
sp|Q9GZR2|REXO4_HUMAN	Ocbimv22021317m	52.830	422	212	87	3	193	403	595	1194	1.83e-72	233	0.50237
sp|Q9GZR7|DDX24_HUMAN	Ocbimv22015589m	40.958	859	647	332	11	190	830	49	1857	3.30e-142	436	0.753201
sp|Q9H040|SPRTN_HUMAN	Ocbimv22033255m	55.469	489	256	97	6	28	282	133	852	1.73e-87	282	0.523517
sp|Q9H444|CHM4B_HUMAN	Ocbimv22026878m	68.750	224	176	55	0	21	196	55	582	7.80e-50	162	0.785714
sp|Q9H5H4|ZN768_HUMAN	Ocbimv22012703m	50.545	540	275	136	0	263	537	139	963	2.65e-101	308	0.509259
sp|Q9H6S0|YTDC2_HUMAN	Ocbimv22029039m	51.175	1430	1106	445	13	94	1187	7	3075	0.0	1041	0.773427
sp|Q9H7B2|RPF2_HUMAN	Ocbimv22035482m	61.130	306	301	111	2	3	303	4	888	9.40e-123	353	0.98366
sp|Q9H871|RMD5A_HUMAN	Ocbimv22014353m	58.458	391	402	155	3	1	391	1	1203	3.08e-178	501	1.02813
sp|Q9H8H2|DDX31_HUMAN	Ocbimv22033128m	44.197	851	629	316	8	187	796	229	2067	1.27e-170	510	0.73913
sp|Q9H9Y2|RPF1_HUMAN	Ocbimv22008885m	58.170	349	306	126	2	44	349	37	948	7.58e-106	313	0.876791
sp|Q9HAN9|NMNA1_HUMAN	Ocbimv22014927m	53.815	279	249	108	2	7	255	28	753	3.57e-90	271	0.892473
sp|Q9HAU4|SMUF2_HUMAN	Ocbimv22009406m	75.000	748	520	116	2	232	748	892	2418	0.0	824	0.695187
sp|Q9HCE1|MOV10_HUMAN	Ocbimv22007303m	42.707	1003	665	310	16	319	950	1426	3306	1.19e-144	460	0.663011
sp|Q9HCE6|ARGAL_HUMAN	Ocbimv22024154m	31.551	1279	767	434	20	375	1119	1	2094	2.84e-79	285	0.599687
sp|Q9NP64|ZCC17_HUMAN	Ocbimv22016321m	50.993	241	151	70	2	10	160	73	513	9.31e-47	155	0.626556
sp|Q9NPD3|EXOS4_HUMAN	Ocbimv22039929m	65.574	245	244	84	0	1	244	1	732	2.20e-116	333	0.995918
sp|Q9NQ55|SSF1_HUMAN	Ocbimv22000716m	46.087	473	345	185	1	12	355	181	1215	8.46e-93	291	0.729387
sp|Q9NQZ2|SAS10_HUMAN	Ocbimv22026557m	39.557	479	316	154	6	172	479	1	861	2.23e-46	162	0.659708
sp|Q9NR30|DDX21_HUMAN	Ocbimv22008502m	54.906	783	530	236	3	186	714	121	1704	0.0	537	0.676884
sp|Q9NRD1|FBX6_HUMAN	Ocbimv22024709m	31.792	293	173	101	7	86	257	1657	2127	4.55e-16	78.2	0.590444
sp|Q9NV31|IMP3_HUMAN	Ocbimv22038743m	32.990	184	97	64	1	55	150	154	444	1.27e-06	46.6	0.527174
sp|Q9NVX2|NLE1_HUMAN	Ocbimv22029335m	62.921	485	267	98	1	13	278	7	807	2.50e-128	379	0.550515
sp|Q9NY61|AATF_HUMAN	Ocbimv22000081m	39.791	560	382	202	8	195	556	580	1701	9.30e-66	224	0.682143
sp|Q9NY93|DDX56_HUMAN	Ocbimv22014352m	47.544	547	509	254	6	1	506	1	1497	4.38e-158	462	0.93053
sp|Q9NZ63|TLS1_HUMAN	Ocbimv22012713m	54.615	289	260	103	7	37	289	130	885	2.22e-79	242	0.899654
sp|Q9P2J8|ZN624_HUMAN	Ocbimv22015299m	53.377	865	607	283	0	255	861	217	2037	0.0	663	0.701734
sp|Q9UEG4|ZN629_HUMAN	Ocbimv22004025m	41.247	869	754	379	10	142	867	1201	3354	9.53e-166	520	0.867664
sp|Q9UGI0|ZRAN1_HUMAN	Ocbimv22027295m	65.349	708	430	140	4	263	690	946	2214	0.0	578	0.607345
sp|Q9UHA3|RLP24_HUMAN	Ocbimv22030537m	67.097	163	155	51	0	1	155	1	465	1.71e-66	199	0.95092
sp|Q9UKB1|FBW1B_HUMAN	Ocbimv22036228m	81.481	542	459	68	4	99	542	1	1371	0.0	771	0.846863
sp|Q9UKD2|MRT4_HUMAN	Ocbimv22003452m	61.905	239	210	80	0	1	210	1	630	2.77e-96	281	0.878661
sp|Q9UKV0|HDAC9_HUMAN	Ocbimv22025955m	41.154	1011	797	369	24	127	886	352	2553	1.10e-152	474	0.788328
sp|Q9UNX3|RL26L_HUMAN	Ocbimv22006142m	77.143	145	140	31	1	1	140	1	417	7.39e-66	196	0.965517
sp|Q9UQE7|SMC3_HUMAN	Ocbimv22003610m	61.343	1217	1221	453	5	1	1217	1	3618	0.0	1405	1.00329
sp|Q9Y221|NIP7_HUMAN	Ocbimv22003409m	68.156	180	179	57	0	1	179	1	537	3.67e-99	283	0.994444
sp|Q9Y297|FBW1A_HUMAN	Ocbimv22036228m	84.165	605	461	54	4	160	605	1	1371	0.0	800	0.761983
sp|Q9Y3C1|NOP16_HUMAN	Ocbimv22033452m	38.312	178	154	88	1	1	147	1	462	1.89e-26	99.8	0.865169
sp|Q9Y3T9|NOC2L_HUMAN	Ocbimv22028990m	39.175	749	485	292	2	188	669	10	1464	1.55e-131	402	0.64753
sp|Q9Y4C8|RBM19_HUMAN	Ocbimv22037472m	41.580	960	671	276	10	273	935	139	1827	5.38e-159	481	0.698958
sp|Q9Y6X3|SCC4_HUMAN	Ocbimv22026495m	61.745	613	596	211	3	23	602	22	1806	0.0	745	0.972268
sp|Q90X97|ACTS_ATRMM	Ocbimv22013417m	93.634	377	377	23	1	1	377	1	1128	0.0	747	1
sp|P62739|ACTA_BOVIN	Ocbimv22013417m	94.164	377	377	21	1	1	377	1	1128	0.0	751	1
sp|P22132|ACT2_PHYIN	Ocbimv22013417m	82.086	375	374	67	0	2	375	7	1128	0.0	671	0.997333
sp|Q562R1|ACTBL_HUMAN	Ocbimv22013417m	90.160	376	376	37	0	1	376	1	1128	0.0	730	1
sp|Q3ZC07|ACTC_BOVIN	Ocbimv22013417m	94.430	377	377	20	1	1	377	1	1128	0.0	751	1
sp|P63256|ACTG_ANSAN	Ocbimv22013417m	96.257	375	374	14	0	2	375	7	1128	0.0	761	0.997333
sp|Q5E9B5|ACTH_BOVIN	Ocbimv22013417m	93.883	376	376	23	0	1	376	1	1128	0.0	752	1
sp|P78563|RED1_HUMAN	Ocbimv22009676m	57.771	741	682	224	8	60	740	31	1887	0.0	699	0.920378
sp|O95831|AIFM1_HUMAN	Ocbimv22010376m	64.463	613	484	167	2	129	612	1039	2475	0.0	638	0.78956
sp|Q13733|AT1A4_HUMAN	Ocbimv22028074m	71.689	1029	876	246	2	39	912	109	2736	0.0	1149	0.851312
sp|P45973|CBX5_HUMAN	Ocbimv22024787m	56.522	191	161	59	3	20	177	157	615	8.01e-57	178	0.842932
sp|Q12873|CHD3_HUMAN	Ocbimv22018363m	69.264	2000	1168	305	16	372	1515	709	4122	0.0	1528	0.584
sp|Q14839|CHD4_HUMAN	Ocbimv22018363m	67.627	1912	1180	329	15	363	1525	709	4140	0.0	1543	0.617155
sp|Q8TDI0|CHD5_HUMAN	Ocbimv22018363m	68.647	1954	1212	290	16	334	1527	703	4122	0.0	1567	0.620266
sp|Q9HCK8|CHD8_HUMAN	Ocbimv22021132m	55.229	2581	1463	516	26	573	1979	1	4140	0.0	1440	0.566835
sp|A5PK45|GT251_BOVIN	Ocbimv22039067m	51.699	623	412	196	2	166	575	1	1233	4.87e-155	453	0.661316
sp|Q9BR76|COR1B_HUMAN	Ocbimv22010573m	54.167	489	432	181	6	1	421	1	1278	1.98e-172	496	0.883436
sp|Q2TBE0|C19L2_HUMAN	Ocbimv22030496m	36.538	894	936	470	23	12	894	16	2610	9.08e-162	494	1.04698
sp|A8MPP1|D11L8_HUMAN	Ocbimv22028122m	47.313	907	670	267	9	230	898	4	1758	0.0	595	0.738699
sp|Q5ZJF6|DDX10_CHICK	Ocbimv22036413m	59.833	875	478	188	2	67	542	1	1428	0.0	594	0.546286
sp|Q9NR30|DDX21_HUMAN	Ocbimv22008502m	54.906	783	530	236	3	186	714	121	1704	0.0	537	0.676884
sp|O15523|DDX3Y_HUMAN	Ocbimv22034343m	70.851	660	470	130	2	116	583	22	1416	0.0	691	0.712121
sp|Q7L014|DDX46_HUMAN	Ocbimv22009429m	71.014	1031	828	214	5	225	1031	568	3036	0.0	1065	0.803104
sp|Q9BQ39|DDX50_HUMAN	Ocbimv22008502m	49.212	737	571	283	5	98	666	13	1710	9.97e-170	502	0.774763
sp|Q2NL08|DDX55_BOVIN	Ocbimv22030685m	59.667	601	481	192	1	6	486	4	1440	0.0	591	0.800333
sp|O43143|DHX15_HUMAN	Ocbimv22033453m	85.988	795	678	94	1	115	792	163	2193	0.0	1176	0.85283
sp|P68103|EF1A1_BOVIN	Ocbimv22037527m	82.407	462	432	74	1	1	432	1	1290	0.0	751	0.935065
sp|Q32PH8|EF1A2_BOVIN	Ocbimv22037527m	81.304	463	460	83	2	1	460	1	1371	0.0	783	0.993521
sp|P24534|EF1B_HUMAN	Ocbimv22008458m	59.735	225	226	90	1	1	225	1	678	1.16e-85	253	1.00444
sp|A4FUD3|U5S1_BOVIN	Ocbimv22002198m	76.115	972	942	180	4	1	941	1	2694	0.0	1437	0.969136
sp|Q14152|EIF3A_HUMAN	Ocbimv22036223m	63.118	1382	789	287	1	1	789	1	2355	0.0	919	0.570912
sp|Q3SYW6|EIF3C_BOVIN	Ocbimv22029161m	63.123	912	602	187	7	308	901	832	2556	0.0	743	0.660088
sp|B5ME19|EIFCL_HUMAN	Ocbimv22029161m	62.791	914	602	189	7	310	903	832	2556	0.0	738	0.658643
sp|Q15717|ELAV1_HUMAN	Ocbimv22038455m	63.736	326	273	92	3	54	322	103	912	1.82e-122	353	0.837423
sp|Q14576|ELAV3_HUMAN	Ocbimv22038455m	59.076	367	303	91	5	64	364	103	918	2.89e-113	332	0.825613
sp|P26378|ELAV4_HUMAN	Ocbimv22038455m	63.051	385	295	75	4	90	380	118	912	1.42e-118	346	0.766234
sp|Q92979|NEP1_HUMAN	Ocbimv22038043m	71.512	244	172	49	0	38	209	76	591	1.37e-90	265	0.704918
sp|A0FGR8|ESYT2_HUMAN	Ocbimv22037831m	35.670	921	813	459	14	111	910	136	2421	7.35e-166	504	0.882736
sp|Q01780|EXOSX_HUMAN	Ocbimv22029775m	42.730	885	674	341	8	31	697	64	1971	1.21e-179	534	0.761582
sp|B0DSN9|FEN11_LACBS	Ocbimv22005800m	56.510	394	361	144	2	1	349	1	1080	7.04e-142	409	0.916244
sp|P21333|FLNA_HUMAN	Ocbimv22024963m	40.153	2647	1828	979	36	152	1946	1	5238	0.0	1131	0.690593
sp|P51116|FXR2_HUMAN	Ocbimv22004945m	53.439	673	378	170	3	14	388	10	1134	1.65e-131	404	0.561664
sp|Q9LSV0|GLYR1_ARATH	Ocbimv22024900m	48.592	289	284	146	0	1	284	865	1716	1.91e-81	256	0.982699
sp|Q4R7Y4|GBLP_MACFA	Ocbimv22011911m	77.987	317	318	68	2	1	317	1	951	0.0	519	1.00315
sp|F4K2K3|GNL2_ARATH	Ocbimv22000542m	26.888	1375	874	531	21	237	1081	1486	3870	2.91e-82	298	0.635636
sp|Q2KJF9|T2EB_BOVIN	Ocbimv22005117m	55.556	289	288	123	4	1	286	1	855	1.93e-98	290	0.99654
sp|Q2T9L9|T2FB_BOVIN	Ocbimv22012018m	53.543	249	254	102	5	3	243	19	771	5.43e-88	261	1.02008
sp|Q9UKN8|TF3C4_HUMAN	Ocbimv22015737m	22.222	822	441	296	17	70	493	70	1302	7.58e-22	101	0.536496
sp|P40939|ECHA_HUMAN	Ocbimv22019821m	59.658	763	761	299	5	5	763	25	2289	0.0	837	0.997379
sp|P56519|HDAC2_CHICK	Ocbimv22039658m	82.619	488	443	76	1	4	446	7	1332	0.0	688	0.907787
sp|P81021|VIGLN_CHICK	Ocbimv22021537m	47.456	1270	1140	495	16	32	1120	31	3291	0.0	915	0.897638
sp|Q32P51|RA1L2_HUMAN	Ocbimv22024802m	55.249	320	181	78	1	6	186	31	564	3.54e-69	218	0.565625
sp|Q32P51|RA1L2_HUMAN	Ocbimv22024802m	55.249	320	181	78	1	6	186	31	564	3.54e-69	218	0.565625
sp|Q99729|ROAA_HUMAN	Ocbimv22008539m	50.000	332	168	81	2	64	231	151	645	2.75e-48	165	0.506024
sp|Q5ZI72|HNRDL_CHICK	Ocbimv22008539m	53.571	301	168	75	1	25	192	151	645	1.30e-57	188	0.55814
sp|Q5ZI72|HNRDL_CHICK	Ocbimv22008539m	53.571	301	168	75	1	25	192	151	645	1.30e-57	188	0.55814
sp|O43390|HNRPR_HUMAN	Ocbimv22039152m	59.753	633	405	160	2	14	417	64	1272	4.54e-165	483	0.63981
sp|Q0VCX2|BIP_BOVIN	Ocbimv22003270m	82.803	655	628	105	2	28	655	100	1974	0.0	1019	0.958779
sp|P19120|HSP7C_BOVIN	Ocbimv22026555m	87.928	650	613	72	1	1	613	1	1833	0.0	1028	0.943077
sp|Q3ZCH0|GRP75_BOVIN	Ocbimv22023573m	79.968	679	634	125	1	25	656	64	1965	0.0	988	0.933726
sp|P41252|SYIC_HUMAN	Ocbimv22002889m	58.623	1262	1264	483	10	1	1232	1	3768	0.0	1543	1.00158
sp|Q12905|ILF2_HUMAN	Ocbimv22032461m	71.779	390	326	91	1	27	352	130	1104	4.98e-177	498	0.835897
sp|Q5ZLS8|INT10_CHICK	Ocbimv22012304m	35.889	710	574	326	10	86	652	10	1626	3.50e-107	337	0.808451
sp|O60341|KDM1A_HUMAN	Ocbimv22009138m	70.817	852	771	213	6	80	839	367	2676	0.0	1043	0.90493
sp|O95239|KIF4A_HUMAN	Ocbimv22002108m	42.088	1232	929	484	18	7	931	4	2640	0.0	580	0.754058
sp|P13648|LMNA_CHICK	Ocbimv22014068m	37.905	657	525	319	4	25	549	139	1692	1.03e-82	273	0.799087
sp|P43299|MCM7_ARATH	Ocbimv22030806m	44.733	716	731	350	11	1	716	1	2076	0.0	556	1.02095
sp|Q7YR75|RM12_BOVIN	Ocbimv22029673m	44.853	198	136	70	2	36	170	142	537	1.95e-24	95.1	0.686869
sp|O04716|MSH6_ARATH	Ocbimv22003462m	39.200	1324	1000	538	20	346	1293	1069	4014	0.0	643	0.755287
sp|Q13330|MTA1_HUMAN	Ocbimv22017020m	62.734	715	534	134	11	94	598	31	1524	0.0	639	0.746853
sp|O04472|NAT10_ARATH	Ocbimv22007052m	24.880	541	418	284	8	129	531	37	1245	4.82e-26	111	0.772643
sp|Q9H6R4|NOL6_HUMAN	Ocbimv22017647m	35.923	1146	1094	668	18	64	1141	70	3300	0.0	617	0.954625
sp|P0CB38|PAB4L_HUMAN	Ocbimv22025575m	66.213	370	367	124	0	3	369	10	1110	2.98e-165	476	0.991892
sp|Q5E9A3|PCBP1_BOVIN	Ocbimv22017272m	51.652	356	333	128	5	14	344	70	975	5.01e-106	314	0.935393
sp|Q8CHJ0|PIGU_CRIGR	Ocbimv22036244m	41.589	435	428	231	5	20	435	58	1320	2.51e-112	337	0.983908
sp|Q9LVN7|DPOD1_ARATH	Ocbimv22008897m	56.611	1095	1074	435	12	43	1093	94	3291	0.0	1212	0.980822
sp|Q8H2D5|POLH_ARATH	Ocbimv22036851m	39.481	672	385	211	6	68	441	1	1122	2.70e-78	265	0.572917
sp|Q9BYX7|ACTBM_HUMAN	Ocbimv22013417m	89.572	375	374	39	0	2	375	7	1128	0.0	697	0.997333
sp|Q9Y536|PAL4A_HUMAN	Ocbimv22036306m	66.871	164	163	54	0	2	164	172	660	5.28e-78	231	0.993902
sp|Q8WN55|PTBP1_BOVIN	Ocbimv22004193m	53.086	557	567	231	10	8	557	16	1662	0.0	537	1.01795
sp|Q1KME6|RAB6A_CHICK	Ocbimv22028250m	81.959	208	194	33	2	16	208	10	588	4.57e-113	320	0.932692
sp|A6QR46|RAB6B_BOVIN	Ocbimv22028250m	80.928	208	194	35	2	16	208	10	588	2.70e-112	318	0.932692
sp|Q3SWX9|RAD21_BOVIN	Ocbimv22025026m	50.673	630	446	149	8	1	393	1	1284	4.21e-130	400	0.707937
sp|Q9S7J8|HMA7_ARATH	Ocbimv22034798m	37.830	1001	1060	513	18	60	996	1006	4116	0.0	600	1.05894
sp|Q5T8P6|RBM26_HUMAN	Ocbimv22026396m	29.316	1007	614	310	16	426	962	1243	2943	6.87e-47	182	0.609732
sp|Q9C587|RFC1_ARATH	Ocbimv22037545m	37.316	956	678	364	17	182	828	1669	3612	1.13e-96	332	0.709205
sp|Q9MAP3|RK11_ARATH	Ocbimv22026737m	35.075	222	134	84	2	78	208	94	495	1.14e-16	75.5	0.603604
sp|Q8L7K0|R18A1_ARATH	Ocbimv22030855m	54.305	178	151	69	0	6	156	19	471	5.16e-60	184	0.848315
sp|Q9SRX7|RL221_ARATH	Ocbimv22031334m	53.061	127	98	44	1	20	117	76	363	1.38e-19	78.2	0.771654
sp|Q9LMK0|R35A1_ARATH	Ocbimv22030932m	54.630	112	108	43	1	11	112	73	396	1.54e-36	120	0.964286
sp|P46286|RL81_ARATH	Ocbimv22018298m	71.705	258	258	72	1	1	258	1	771	1.74e-138	389	1
sp|Q9SIH0|RS141_ARATH	Ocbimv22037676m	79.286	150	140	28	1	1	139	1	420	7.83e-69	204	0.933333
sp|P59271|R27AA_ARATH	Ocbimv22028797m	83.226	156	155	26	0	1	155	1	465	4.82e-75	221	0.99359
sp|Q9C514|RS71_ARATH	Ocbimv22021666m	51.832	191	191	86	3	1	187	1	567	2.66e-62	191	1
sp|Q2TBU9|RUVB2_BOVIN	Ocbimv22020070m	86.364	463	242	32	1	222	463	1	723	6.93e-157	444	0.522678
sp|Q9UQR0|SCML2_HUMAN	Ocbimv22035976m	44.773	700	440	211	4	29	467	7	1233	2.10e-123	379	0.628571
sp|A0A3Q0KDV9|SEP10_SCHMA	Ocbimv22015463m	67.139	412	353	116	0	13	365	52	1110	1.95e-173	491	0.856796
sp|Q12874|SF3A3_HUMAN	Ocbimv22010624m	73.108	501	502	134	1	1	501	1	1506	0.0	715	1.002
sp|O75533|SF3B1_HUMAN	Ocbimv22029080m	78.184	1304	1366	217	11	7	1304	13	4071	0.0	2108	1.04755
sp|A0JN52|SF3B3_BOVIN	Ocbimv22001692m	84.717	1217	1217	186	0	1	1217	1	3651	0.0	2144	1
sp|Q96ST3|SIN3A_HUMAN	Ocbimv22011842m	56.701	1273	873	318	13	300	1128	778	3348	0.0	942	0.685782
sp|O75182|SIN3B_HUMAN	Ocbimv22011842m	45.829	1162	1067	433	19	39	1017	319	3348	0.0	852	0.918244
sp|Q9UBX3|DIC_HUMAN	Ocbimv22003024m	62.989	287	281	102	2	6	285	22	861	9.25e-127	362	0.979094
sp|Q2YDD9|ADT4_BOVIN	Ocbimv22014181m	51.203	323	291	135	5	24	311	16	876	1.69e-83	254	0.900929
sp|P28370|SMCA1_HUMAN	Ocbimv22035362m	74.573	1054	995	201	7	68	1022	241	3189	0.0	1477	0.944023
sp|A7Z019|SMCA4_BOVIN	Ocbimv22009653m	70.613	1606	1208	289	10	334	1525	1051	4524	0.0	1489	0.752179
sp|O60264|SMCA5_HUMAN	Ocbimv22035362m	77.537	1052	1015	186	6	79	1051	286	3330	0.0	1530	0.964829
sp|O97593|SMC1A_BOVIN	Ocbimv22009928m	62.439	1233	1238	452	5	2	1229	7	3711	0.0	1400	1.00406
sp|Q9C5Y4|SMC21_ARATH	Ocbimv22032126m	45.547	1175	1179	622	3	1	1168	1	3510	0.0	842	1.0034
sp|P09661|RU2A_HUMAN	Ocbimv22033472m	63.223	255	242	80	4	1	233	1	726	1.07e-91	270	0.94902
sp|Q1JQE0|SNW1_BOVIN	Ocbimv22001219m	70.250	536	521	143	8	2	518	7	1545	0.0	665	0.972015
sp|Q9LGR0|SSP1A_ORYSJ	Ocbimv22006454m	33.750	641	480	291	9	3	474	88	1470	9.60e-85	281	0.74883
sp|Q08E27|STRBP_BOVIN	Ocbimv22015212m	51.884	672	345	140	5	5	332	7	1014	2.63e-108	333	0.513393
sp|O60506|HNRPQ_HUMAN	Ocbimv22039152m	59.250	623	400	160	2	23	421	100	1293	7.57e-170	494	0.642055
sp|O14776|TCRG1_HUMAN	Ocbimv22023294m	57.240	1098	587	224	4	517	1098	904	2598	0.0	592	0.534608
sp|Q29RR5|TFP11_BOVIN	Ocbimv22029105m	45.943	837	838	404	12	24	837	25	2463	0.0	717	1.00119
sp|B0KWH8|THOC2_CALJA	Ocbimv22039291m	60.166	1600	1205	460	12	4	1202	4	3576	0.0	1443	0.753125
sp|O42130|TOP2A_CHICK	Ocbimv22023035m	65.403	1553	1266	424	5	13	1270	46	3825	0.0	1687	0.815196
sp|O42131|TOP2B_CHICK	Ocbimv22023035m	66.508	1627	1260	409	5	28	1285	31	3777	0.0	1736	0.774431
sp|P68362|TBA1A_CRIGR	Ocbimv22035660m	96.991	451	432	13	0	1	432	1	1296	0.0	867	0.957871
sp|P68361|TBA1B_CRIGR	Ocbimv22035660m	96.759	451	432	14	0	1	432	1	1296	0.0	867	0.957871
sp|Q3ZCJ7|TBA1C_BOVIN	Ocbimv22035660m	96.065	449	432	17	0	1	432	1	1296	0.0	864	0.962138
sp|P0DPH7|TBA3C_HUMAN	Ocbimv22035660m	97.454	450	432	11	0	1	432	1	1296	0.0	860	0.96
sp|P81948|TBA4A_BOVIN	Ocbimv22010928m	93.483	448	445	29	0	1	445	1	1335	0.0	863	0.993304
sp|Q2HJB8|TBA8_BOVIN	Ocbimv22026381m	90.433	449	439	42	0	1	439	1	1317	0.0	819	0.977728
sp|A6NHL2|TBAL3_HUMAN	Ocbimv22000366m	74.718	446	443	104	1	1	443	1	1305	0.0	675	0.993274
sp|P33630|TBB1_ANEPH	Ocbimv22032594m	85.681	443	426	61	0	1	426	1	1278	0.0	754	0.961625
sp|P33630|TBB1_ANEPH	Ocbimv22032594m	85.681	443	426	61	0	1	426	1	1278	0.0	754	0.961625
sp|P29514|TBB6_ARATH	Ocbimv22032594m	86.512	449	430	58	0	1	430	1	1290	0.0	781	0.957684
sp|A6NNZ2|TBB8B_HUMAN	Ocbimv22029847m	88.333	444	420	49	0	1	420	1	1260	0.0	754	0.945946
sp|P26368|U2AF2_HUMAN	Ocbimv22002760m	73.165	475	395	90	3	80	474	4	1140	0.0	522	0.831579
sp|P63048|RL40_BOVIN	Ocbimv22007451m	64.062	128	128	46	0	1	128	1	384	1.69e-59	179	1
sp|P0CG53|UBB_BOVIN	Ocbimv22023116m	100.000	305	303	0	0	1	303	394	1302	0.0	599	0.993443
sp|Q9GP40|QCR7_ECHMU	Ocbimv22026693m	38.542	130	96	59	0	27	122	43	330	7.96e-18	73.2	0.738462
sp|P26640|SYVC_HUMAN	Ocbimv22000363m	62.121	1264	990	370	3	274	1263	196	3150	0.0	1284	0.783228
sp|Q8NA23|WDR31_HUMAN	Ocbimv22002947m	28.037	367	214	136	6	101	310	154	753	9.21e-18	83.6	0.583106
sp|Q8NI36|WDR36_HUMAN	Ocbimv22005121m	48.546	951	894	448	5	65	949	4	2676	0.0	847	0.940063
sp|Q5ZMV7|WDR82_CHICK	Ocbimv22032676m	73.163	313	313	84	0	1	313	1	939	3.94e-173	482	1
sp|Q9UPR6|ZFR2_HUMAN	Ocbimv22012607m	42.833	939	586	259	16	281	794	805	2550	1.21e-119	385	0.624068
sp|Q9UL40|ZN346_HUMAN	Ocbimv22015742m	26.368	294	201	120	5	74	263	166	717	7.12e-10	59.3	0.683673
