9416
9955
7317
55695
56339
4720
6687
353355
6992
90459
290
4001
26149
100129543
9334
342933
10300
5709
9805
23141
84102
54345
25941
6272
7733
1723
54858
114822
10557
54503
5979
1806
10144
4733
137682
51068
54414
65123
51703
7483
57560
79833
58491
348110
7769
8520
10845
3295
8315
2653
60493
57050
1656
5469
120237
10938
54583
57019
6874
10893
129787
56257
6652
80746
35
25836
79716
9342
26009
5308
55854
9463
84504
1503
9209
54514
1737
2131
80157
389643
57484
9310
4719
1939
79571
23461
11144
92255
2746
10279
51249
6811
7083
3257
2885
8189
90522
5046
7693
726
144108
5756
5581
80824
25816
9817
25897
64211
148581
92856
1616
10015
78999
4190
23163
9528
3930
283254
51643
6500
10484
51575
80067
5066
4691
5092
113829
56204
39
56478
1812
3074
9695
23456
56106
3149
7771
26234
147949
3181
3098
9689
3419
7091
9653
8888
10567
55778
550631
400916
64421
80765
7075
83851
84301
54934
6132
9759
57551
4854
169834
4143
5837
91419
342945
6122
219970
90850
221409
6175
91603
9445
5476
11337
29099
59271
6191
375
6447
9557
3705
124540
23632
223082
130507
5594
56965
63906
51495
7203
92597
166012
10955
84933
8227
23093
51042
112714
80790
5188
81887
27252
90203
5764
23225
6125
25992
374882
55319
4716
51185
55298
10527
84790
741
4123
26167
9784
79613
4128
55621
81796
90529
4683
80267
79966
51441
25953
4000
2877
10112
51477
63877
201595
1314
55229
2631
1982
23107
23011
57103
8089
9961
80216
8498
22916
1513
794
3313
10595
81857
116841
51542
56111
11275
2232
81545
83892
57182
2298
22948
79075
5050
7458
79065
5859
8447
51719
9039
7086
8732
83473
2073
347240
23329
25962
222068
79903
79190
100302652
51130
8663
1431
55718
83478
21
4351
361
25805
10921
2983
10202
124245
2819
1373
23452
79800
411
9453
8468
57569
162962
23603
89845
257194
56342
692312
84954
51733
11342
8909
8872
5929
8798
83648
1743
54930
93663
3960
890
10184
152503
49855
121227
288
51008
26227
1767
90324
79979
5829
23593
28966
81844
8566
54498
57187
1106
8883
993
10948
330
55929
8140
23541
285237
135114
64080
5440
9742
7644
79072
123879
81627
79993
84750
56926
56897
5604
92305
79443
23194
7637
79595
51608
79621
1540
201163
54980
6999
93986
8811
1797
23484
80031
55070
2559
8659
3690
9601
89910
6609
55689
102724560
875
8514
4289
7511
673
55350
221264
158431
388419
9100
9126
238
9540
3661
57418
162239
9252
79642
8914
23190
10966
55055
3141
64210
10295
57336
4851
55257
5165
2660
6419
8473
9904
25983
3712
116328
7201
6616
55346
54903
148266
5359
9810
6996
1135
9526
10000
64374
23132
283237
84109
8817
196403
3065
5631
153241
9373
57622
9690
2166
3843
57508
51069
4835
8635
65220
56270
64969
22978
54893
246243
9474
310
1662
701
9972
25792
7633
5347
55254
9015
9891
9179
51295
9516
5586
5930
8653
23256
80108
132789
58476
56916
51135
83440
83605
11153
84892
29062
27300
25939
10733
5651
11018
116835
55572
140890
25911
5563
91544
5933
285527
10003
55278
51061
23199
57459
494470
7756
26123
8603
116068
3954
10588
26973
11044
120534
29789
128977
440138
55146
23673
84464
55794
3612
25813
5917
25788
135138
221545
23588
197407
10328
3146
64802
64756
9538
54443
114825
64943
23189
118424
6547
55530
116092
3608
103
729540
84220
9632
84765
284352
51520
151742
171425
90390
245806
23193
84324
55326
7508
730087
285676
81671
57053
81034
51290
51322
129880
7266
375298
133015
2529
57470
6198
2585
131601
10299
51362
145376
573
4292
5611
84376
11193
1118
8897
7580
84081
27253
23091
57732
26084
7841
6118
6821
55246
56052
10135
124152
91039
5479
84572
7284
27243
23173
23
619279
3838
84959
37
10553
3842
84656
22862
5636
152006
60558
55740
984
55799
84364
1020
51168
64083
197257
6794
6584
27159
6045
80772
54517
5734
8427
56954
22996
23390
4221
153201
7403
79659
56098
56097
7477
63976
51497
23152
388591
3628
54084
196394
8328
64223
27343
83480
221120
57688
6477
5101
57526
10284
8642
1877
57645
4783
56479
9014
79776
9971
10317
56923
3708
6909
55773
50940
10550
1768
168850
63978
441151
4512
58486
1769
124637
56099
4784
79633
55567
284406
9376
869
152002
5076
2128
83931
92715
3338
56124
1303
1523
84976
5283
55703
54510
8658
9902
51305
267004
80153
728661
254295
5169
7770
5824
6236
81572
5468
148213
91975
9124
50862
91433
7273
3991
114821
391723
1504
4353
54971
170302
8602
9031
84449
135228
7351
55336
2072
3204
81037
90411
11131
114805
4915
84645
3818
221785
26960
126549
10343
9068
59342
8312
9761
552
23369
9857
9271
2021
79709
54212
7482
387700
7582
1395
200403
169270
56913
23387
7566
64376
80127
84164
112936
55149
283635
9801
1981
84898
55036
4478
4343
84265
4205
7343
28960
1776
57597
389434
3425
65124
28965
835
7468
535
11022
389337
4780
642987
3998
8708
79772
7541
8576
4647
1288
8650
23020
92565
286827
23385
144811
5192
9360
2534
195814
50626
6832
84320
23592
10785
6565
79269
79176
57661
9896
29110
56704
9442
8615
56776
64800
4126
84842
80146
2977
27314
161
9183
387911
5295
29904
64750
4141
51454
6497
55814
1104
8760
57679
152926
63917
79004
4591
84263
84891
64743
3157
54677
8890
55526
22874
79726
6605
7296
5576
129563
7461
79810
6624
22872
4595
63036
26035
10277
286187
64795
66005
23621
6598
55012
9670
79058
65080
23788
50640
51031
5126
9648
9150
26289
9787
55737
283385
6720
128338
51109
91647
7174
79632
285203
114885
10524
55972
26160
54764
51734
80760
4669
83894
3360
64118
7915
9146
4363
27106
7372
200765
55172
27013
91608
128553
6830
222967
728194
2581
222584
80155
9631
20
27010
4882
55131
121512
8898
79969
401548
5514
10902
54800
1491
3475
6683
124583
55660
85437
145173
9555
9620
9440
5298
9567
55250
23228
54708
28976
275
200845
644
659
152330
55596
51808
55785
670
8505
51574
25926
7562
282966
55781
4778
79143
10884
2314
25780
54891
2720
11281
101060200
81573
90379
84279
6536
5536
28227
80344
23165
124274
102
222484
8893
132001
22803
435
219771
373
84255
390
23493
79912
22933
154215
25898
9320
6651
120114
23064
152007
1811
84858
9094
26046
10713
151
5663
9343
10082
6311
64425
29089
25921
170506
212
25988
1591
85451
11136
2956
8905
9886
23082
10514
83752
57704
4887
153129
51005
8841
8467
9201
64841
8833
79788
5520
391059
2584
79042
64320
51304
4881
84215
4204
23013
29781
30849
471
487
29799
10056
9070
5454
54939
2186
146556
10513
4285
90025
5602
25803
7092
8564
6259
9101
22853
3508
55239
84307
6303
8884
2017
55486
10725
26503
10062
2776
146183
25839
10641
79968
7275
9527
25912
81789
4325
162417
80331
55210
51368
92106
148268
9088
377
3709
10363
79134
79034
10051
9329
57596
2729
5921
51537
5965
84920
147111
5194
79036
56850
23376
2113
54793
23170
79047
4864
153222
65258
26010
9612
197370
1953
2444
8078
7080
219790
2316
7629
4829
6804
8322
221037
54497
51056
27086
8930
13
10073
81614
4074
5813
92014
3703
112950
51605
55832
1636
51773
8073
10208
4040
889
60560
9489
64145
8973
89853
6657
58492
9530
55775
8443
28992
5292
1528
5528
7920
10886
81537
3145
353
4091
25814
10238
57544
3607
57599
262
54796
11127
79873
11260
51035
138639
131583
6425
121355
84060
10901
23262
16
51251
9760
126017
84944
84439
5007
7639
59084
9245
3190
64761
1244
90701
6950
158326
287
151525
342892
7072
55238
1453
55435
6674
3301
3667
113220
55081
3692
2742
162
22869
51496
266743
57630
22888
57116
8480
115752
5515
6449
5439
8939
56133
7536
7551
8879
2794
22897
83544
3422
54978
23195
55813
83442
4329
84287
7584
79587
5009
81502
87
147694
23314
7465
84881
10954
64794
9554
4673
100533105
23678
8907
8763
6530
254394
114788
84971
9806
10627
5781
9673
7342
143425
7415
26003
79752
2693
4337
57282
85403
1831
29928
4488
170961
131873
9741
55296
340348
79088
114294
51057
5424
148811
56851
146050
8669
22866
55835
9918
388558
114757
10846
338917
473
125061
1810
55084
5873
9604
55108
583
25942
8662
8803
166793
89978
390259
1738
546
55559
3796
5378
55687
56112
54584
128312
9678
84219
100526694
8577
7386
57691
55815
23210
526
6185
23595
4191
80173
9451
79165
5264
317662
28951
25999
6886
51105
51373
387522
7335
286
56956
115416
5905
2805
6752
56267
11034
387712
55809
10464
11284
9521
285521
3632
83872
182
94097
7478
56941
6754
6647
3921
28982
56934
110599583
9718
3061
6935
148198
5250
2286
2302
7184
8945
10841
10002
8034
27301
8882
51340
388695
6296
7545
4946
11231
133686
4907
55181
10612
9319
810
9894
10607
8001
2074
1938
1152
347733
2597
55699
51592
1355
1509
51780
27023
113802
6194
152992
3799
64786
140894
116442
292
118856
54627
55769
3680
6585
5885
2913
51663
23530
163786
4817
1983
196074
79618
80349
387129
55512
339829
1036
10111
9924
56929
10159
56262
63891
55752
339559
30062
26263
7515
2672
5708
55182
5901
23432
55633
285605
85378
84280
138050
5139
54492
3643
8891
79791
9488
55294
51540
23770
23411
51239
6240
23659
56103
22937
2553
3688
6854
22856
4602
155435
51601
23515
5786
23640
11064
80347
4799
9605
8440
90827
1845
5584
133584
23647
55054
54361
7464
51379
54464
26133
9093
5170
160622
3615
5981
28988
157310
6513
102724488
83849
65975
840
4543
7531
22794
22829
24140
2319
2495
51517
643853
162993
5706
151613
6176
9066
54808
54454
28991
29883
92689
153396
6507
824
26259
60412
4678
56165
83696
5036
55225
22919
8225
11069
79987
1376
143279
94104
134864
57478
4928
8800
54535
79877
5547
1389
57507
51032
51606
27315
80724
2734
1407
6621
5134
9400
6146
23248
553
7027
8994
55227
9423
10426
7272
29855
219736
283455
23252
10058
7093
91875
54797
57699
55290
57498
1601
83641
54881
9152
654346
29070
729440
10576
1655
63926
79039
813
51067
53917
124641
80820
51726
284058
285180
9969
56164
6000
6938
93953
84561
8396
9382
9611
54556
8454
55614
5565
253430
79902
150709
90506
285672
8622
84690
2308
1755
79885
9958
343035
22877
57162
5577
8727
55288
55705
7486
4857
7054
221656
2678
9937
357
64062
203054
57153
54461
2274
138009
8780
66037
6492
9191
84261
51308
64601
9922
4848
23002
57719
23644
51696
8729
149076
55750
9862
645811
83543
1211
8678
341880
3142
57687
10885
3981
55654
10999
123688
3631
6655
51117
8218
158584
977
8775
50
55252
23534
2048
55291
23347
115548
118813
27430
5315
9446
10165
23220
23096
23258
408
51547
58508
127700
5592
4929
11197
10826
6002
9869
4240
348094
6443
6787
55215
100505741
91782
56341
84292
3185
55739
729747
57606
11336
23081
23466
9519
25940
23360
57464
5558
54995
10038
55777
4048
29959
9736
51586
79893
124997
80018
65267
3069
4542
11146
79648
10933
7051
167691
55020
4214
9104
79711
2873
9887
643836
6046
7019
57589
1139
89832
9696
9468
6241
53942
10753
26509
9562
166968
79663
9482
10203
11180
23469
8036
26051
22827
957
51752
4211
29763
7226
790
84273
22992
79974
9371
9415
8886
51490
10928
9099
91461
57465
7596
122773
91801
23451
23071
79905
55159
114134
55179
340260
64151
6675
100526767
51652
9813
29945
142678
5797
3099
84640
4952
23054
3028
92749
5550
8464
57038
22846
114882
54943
57062
28231
5045
22884
79875
5580
27091
5810
60592
8061
1605
84836
55571
2058
151473
10166
27097
27246
253512
9907
5913
377007
5600
51552
154007
1612
6868
54758
65243
54756
55997
112817
23294
6788
54069
11052
51741
29843
9662
10175
116225
5909
79954
2820
7110
84233
2898
170690
55746
117178
80263
55222
10907
245812
9671
5105
200558
6496
118924
23384
124359
10671
10492
92170
51280
115677
10113
10352
55220
55127
4722
6515
1186
1173
3795
29899
55005
5119
8867
221711
57563
1644
57639
2549
80095
2107
55079
55341
402055
54617
90627
8690
10498
55174
160897
64895
10061
114483834
55749
9870
55322
118980
54849
5998
10057
200205
10905
64224
9097
128077
84196
5801
54828
80312
284086
55308
84314
26091
389058
130617
9913
157
26175
112840
55643
9403
54505
374900
57528
80010
26053
26276
144717
1105
284339
9738
10855
89958
64225
54862
6897
10536
2492
10554
27340
10652
1387
55218
3162
55615
4216
55666
84869
65117
55361
655
1175
6302
79673
221955
338567
1801
1770
58480
170959
55656
5711
6899
51493
23185
58533
57534
59269
64783
79666
7140
79174
23613
23304
253959
55266
10006
9429
199953
57570
10150
167555
6529
9847
23362
8027
7534
10900
2719
93594
9675
8100
84918
3191
5209
57337
51116
140467
91526
91614
92105
147
64840
8518
6904
23378
4282
220134
114790
60509
55102
10910
284001
84189
463
57455
256356
51097
5510
26060
6468
10616
126402
58528
24149
3382
4745
6601
3746
79683
9380
4122
7917
143384
4288
23341
6189
4953
51593
376940
6857
79913
144423
163223
8317
84445
4651
886
10463
10098
2879
54346
5395
5530
4978
29115
6829
10548
127255
85359
4193
7038
7222
5499
515
55066
55823
1410
3699
833
23473
5052
2733
23633
25963
23759
4291
10123
55253
10973
246176
4998
9517
7064
267
4898
4311
10427
57231
23367
29063
728464
23408
24147
6597
5034
6572
10771
3636
4547
2218
23080
2775
84329
55328
5589
80308
6429
65084
81555
54482
56928
2539
80853
9455
5286
54431
27241
55167
30012
3423
7879
10273
29127
3483
79915
64854
64089
196528
3736
26268
64434
2976
4821
5257
80255
5218
51
152100
54540
55764
134430
8028
7711
1665
4131
11099
11019
23731
29929
6117
23590
1795
9522
54988
23235
60625
64131
57104
26273
115286
64430
7535
3752
146705
9927
9984
651746
9688
3832
958
53407
6660
9564
54872
140469
29086
898
1857
5152
5727
5747
23321
57520
10656
25929
3831
1025
56129
27347
114804
89970
2971
160760
168507
6742
5573
9836
3350
22887
54956
338
6885
100129278
9777
5451
8459
338699
9963
759
8411
1445
57794
11188
79831
23636
10140
10211
1136
23397
114799
8476
166785
27285
4038
7991
56241
79677
11255
57706
56996
83933
652991
2673
4919
6643
54888
57181
585
79796
255104
100529261
2342
55234
48
10605
4357
3070
113026
64122
26504
84340
23522
3062
85439
286097
55717
55722
4043
7738
478
55605
80020
27044
55628
440275
6671
84321
53343
57669
144321
27336
79183
23583
4538
4052
9568
64327
7436
118460
159
93624
6239
3355
2271
147463
168620
55770
64759
3646
602
79071
5289
283461
79798
94081
3200
2800
56288
10126
55631
115992
23300
8558
3052
8668
220963
18
83591
57479
374879
1894
55578
7569
3131
170392
133746
285600
22848
94122
1717
2138
136991
1260
65083
55339
6907
5629
7290
9931
57488
2548
84872
11189
9550
6586
22909
23179
83891
165055
154865
1370
23014
100532731
648
81792
25979
830
126393
145567
54850
23594
84256
54496
392
57113
10939
23155
10531
222234
3670
5147
9194
80221
167359
1143
219623
3784
144402
7373
10780
2132
26173
59349
55074
6527
6416
5190
83482
7337
23556
57654
65985
79676
395
5795
256987
26033
128387
25924
2318
9563
96764
51102
3166
23483
25827
10342
81029
22941
23125
100287226
154091
366
1497
157769
5910
22
50485
55334
5927
1021
36
161823
55037
54914
64288
928
7871
27328
9921
4642
253260
29970
6786
2902
84447
9837
63922
65018
9328
201626
1487
1933
5335
8106
9112
2182
10404
7407
1838
7102
55184
11179
4804
89781
114789
9520
5422
79441
8646
90864
55275
27349
64400
57510
25759
8932
414918
9569
10423
23070
51096
2263
158358
80856
3925
124565
122830
80333
7045
51530
79712
51602
4967
7311
8178
2099
9372
10810
51307
79738
151258
10847
6293
10908
4437
55833
2040
84905
79033
135112
5015
56919
80896
64397
26100
79977
23327
147991
348180
11329
51755
23331
23254
26
178
51426
6102
84668
79736
9815
2195
10818
5625
399687
10260
2261
9353
273
27306
23413
114880
55958
3781
222962
147923
206358
168667
22832
54769
5079
57523
90799
150
27148
23315
23065
7225
23277
57556
23038
9874
4139
254065
1182
128486
9785
83606
10129
606495
2039
29952
80210
10664
259266
10444
1793
80821
8481
8065
6154
26258
8723
57099
375790
1730
10128
1836
8842
11060
9728
23313
25840
55776
29967
8816
3418
23158
11079
64781
126859
255374
26019
23102
2346
11140
79572
8666
4089
10443
5122
9776
7011
113612
81890
25930
54455
23358
83642
5414
8314
57512
10210
4026
116843
84900
257218
87178
7026
57531
55205
79689
10946
56061
120892
29966
10188
11196
84681
22876
2589
55917
51626
55226
4664
160851
79991
8437
57107
162494
5087
3032
2103
146849
50855
5291
22796
23161
55295
26986
10390
27351
3655
6184
4522
10873
2624
84865
2523
2893
57600
55613
3096
9779
57585
5099
23233
54472
374569
10587
100287932
9276
51654
100526835
51086
54801
51360
51473
2771
115704
144132
3834
23382
8029
222255
57623
50487
11149
132660
10625
7874
23648
4685
11177
10978
6187
81794
3421
8458
10552
22995
4287
26005
2629
26468
10244
57602
8148
23114
80775
8634
1358
1374
307
8733
2009
8814
7322
57697
25998
3978
85444
9781
84522
10980
8453
22880
10499
222194
171586
55379
54826
50805
84461
10099
1736
6546
481
47
51196
54890
41
138715
5411
9827
11108
653
4249
4796
80034
54205
10775
7096
199857
8887
56884
221806
25769
64093
149499
5754
4697
57143
146059
79675
9685
8899
56978
2648
221078
26528
50636
25821
3416
23151
115827
636
84909
57178
55608
51003
1362
7150
4641
339123
8125
6142
57568
8509
121665
1803
84926
55230
1911
22823
1889
5025
57583
1871
56259
56888
3775
56132
55023
10677
527
6558
22985
5782
158747
5260
23265
23241
55236
64423
51807
7251
9748
818
3208
51100
51150
4297
23274
9406
65082
80335
11073
79719
26985
5236
5226
7905
10522
55622
22984
345930
91445
26207
6581
8575
4976
5860
104
79154
55915
93474
80305
11198
282973
221400
27037
5701
79446
23232
23586
201232
1994
57649
23365
261734
389840
8021
54892
80737
4853
6457
84456
26002
79066
8526
85458
9665
54542
27130
127262
4986
9960
4750
23287
2618
2146
7021
79813
84133
3735
346157
54877
91442
4771
51669
79447
60
55117
64077
23431
55738
5458
8913
54841
6549
51088
80204
7414
84967
4987
23039
84190
22906
5506
25909
115196
150383
166614
51479
1181
54799
4301
50507
55072
9361
124401
9828
25829
3716
201798
9618
60490
8801
91893
8556
51205
55317
10767
55076
84669
324
758
80818
10196
284611
545
5597
9390
5080
1859
23511
79740
64682
50618
3915
54715
799
55821
3516
4842
644168
4159
84232
80727
444
441631
5150
9311
9711
55323
24144
868
5277
1386
5144
9722
84947
91272
84455
83990
83860
219988
93100
7410
1948
54932
55959
51655
8989
9050
80179
23019
406
23144
7516
3700
11174
11216
23053
51230
400954
11100
23368
79258
79585
5745
10592
54487
6865
100499483
84071
23405
23464
5337
92935
203238
207063
27161
58517
54938
144568
114034
79701
84975
5311
9989
117177
6453
6653
79896
4659
54663
93627
90102
55825
148362
202018
55520
54986
389524
84079
7189
84978
10434
85407
4225
6433
23205
79840
55636
2194
28996
10193
221927
11311
23446
7466
84144
91147
256297
22986
129049
8714
6571
10059
10396
3551
64772
7175
23090
2241
1783
27032
90678
10482
10787
80184
10868
23505
5925
6583
55093
26063
64754
22920
9131
51194
6942
29117
57221
55051
27030
84128
64518
5591
56751
3756
23301
23216
84197
91584
115825
55437
727957
129285
9793
23040
4686
286205
51164
2562
22878
57449
8493
22929
57680
55187
9928
55209
8633
253152
613
146198
84310
8022
5471
55164
7941
240
10474
10274
114876
50650
63979
9700
114883
23198
7837
9572
51382
79932
133308
80208
29081
84501
50863
8243
9735
5128
7178
3376
5826
51337
54861
134829
53834
3652
114791
2918
376267
23471
200081
8623
60684
10469
84542
54521
1787
9061
9354
80198
79634
9639
1813
6840
4146
10525
7398
10422
8038
55107
11143
51460
54802
53340
27229
22976
1258
55727
9791
2036
339855
3280
22809
2547
3156
158
79157
4326
7161
10915
26235
27433
4009
9656
197358
381
148206
83989
1739
55626
54467
166336
23527
27233
55968
5993
11169
84804
5723
54434
6495
128
1477
26275
55624
538
29058
10888
64328
84623
10579
58490
908
51095
7812
389072
91646
56654
153090
56957
19
54935
9816
91664
5189
2566
23322
80014
6059
4638
1133
134265
57695
8495
55607
55706
23512
55231
115
22902
7357
9946
747
9254
23395
3362
79575
5534
57650
1759
8216
331
10298
80206
10478
651
9919
200162
259232
222229
343099
1363
590
79868
7919
6894
3241
1781
79147
23214
284076
27152
23552
353116
154881
55297
1543
136332
84225
26118
10856
64848
64859
118
55902
50809
131096
152110
8450
4868
27019
153918
1138
23268
11001
9114
131034
28514
11276
29766
54606
79627
57826
26000
23191
442117
4763
5872
57198
100506564
23353
84961
55680
51366
55033
92737
163259
1786
54981
2264
80194
29072
5187
25851
51167
4943
2078
9024
3329
3730
27352
283652
10157
79641
1678
399979
23042
9652
84816
7701
113246
23279
9873
3745
51522
31
6873
54901
10420
64787
3092
4173
23126
64768
23417
57584
5097
23646
54993
1384
30011
5796
55802
581
11253
25980
26043
10181
55798
1306
85015
122402
56121
30837
5891
123872
3984
151556
9479
5877
9321
64478
150737
55274
150472
167465
375616
55157
83593
125058
11122
4897
5775
375190
1137
4430
10452
56886
22898
3603
9950
65059
161829
142689
1130
124930
3316
6256
23207
9600
6833
89782
22938
64149
79625
283987
54456
996
2137
2201
10631
56261
6878
163087
125488
1103
9731
2802
51422
10412
9465
2356
1879
3482
51455
55852
85445
1954
5725
9330
116987
9681
79848
152098
5279
25896
5137
3996
6397
1642
26038
55768
57148
55761
129642
54821
7165
55783
4999
84306
56252
8853
26155
79029
9649
5464
23345
9895
55582
7786
309
5332
60678
100131390
9699
8720
2731
57016
128674
10992
23043
51433
9261
27291
6542
64863
2030
27072
283659
100131017
6238
60561
222537
26024
25831
9868
163589
121504
554313
8294
8359
8360
8361
8362
8363
8364
8365
8366
8367
8368
8370
6872
132
85021
1066
81631
7862
5832
23558
79867
63874
55125
5892
130612
7166
339487
4646
9480
783
56163
51585
6905
23074
79836
54676
22930
4899
347365
55748
6870
57480
84163
23005
125228
8826
3911
2542
55576
2923
26750
4035
132671
400224
7248
653659
55683
54790
22998
5058
4163
7109
10137
6711
83743
1603
164
23381
22999
11102
64097
94056
219699
51642
899
780776
57685
1297
8239
1499
9475
196441
51108
3777
9378
23167
6534
92293
79158
57545
7186
23243
22990
22955
3339
10979
25920
220108
55591
10262
23440
26115
5903
1176
55729
57521
7249
6522
405
892
79971
23293
375611
130502
221322
54806
472
56110
10174
100861540
1551
84271
8403
11113
25
2696
7168
23204
9770
5184
9814
55193
5707
51760
23276
11266
9202
221960
51622
22843
8924
345274
9439
22883
5297
5928
81669
23097
55780
114803
116443
117247
51332
10419
5290
201255
2531
58513
23383
94005
675
22828
65005
55163
374868
3720
116931
8777
200312
143098
4942
5428
3054
25974
3206
25782
23037
79646
2550
55031
132949
6005
54768
51604
9258
23524
523
111
79858
55681
127933
56943
3067
113510
64427
9767
51126
57617
122042
4013
6461
91768
114907
8874
55671
9821
57190
9159
51125
839
57492
100287399
80700
9758
23263
9537
9706
6560
2530
1465
54332
256051
4594
6553
10330
142
6249
114793
26057
2011
5898
157574
26093
9901
9712
51174
9197
718
80325
51081
55183
57696
56980
26012
10418
200576
27294
9719
6610
23317
118987
84859
53373
4524
23504
242
57157
4436
9859
23355
5426
23178
55922
1496
80274
23215
4921
22905
23261
55069
57733
5976
11218
55584
323
57446
10231
11234
54820
9693
253782
114971
610
9703
989
1213
51397
23098
4552
80119
11076
2975
2677
9282
285489
10983
115123
10226
6921
1039
2917
219743
8301
10549
1464
2475
5361
56006
55623
9875
91050
23033
114780
84193
9743
146862
169611
664
91289
5649
84878
51059
11320
57524
64207
4597
56946
6709
8667
4045
284161
57727
5825
4649
1101
57724
1660
2108
54805
5373
51166
8943
23049
3778
2517
10858
1259
57561
8573
22980
57665
6201
6733
221935
9063
1592
23335
54899
10005
7570
79747
11128
5793
7776
4644
55283
4482
64072
140809
8394
9293
219537
23551
114781
84444
5610
528
92736
738
84172
2288
4625
8745
27183
100526761
54937
1128
7145
2519
5799
23047
2028
54437
2801
1621
55870
113179
7555
4598
130271
9381
9204
90134
64087
2260
107
150726
8434
23281
9646
196463
56899
22824
644100
7224
5442
22982
9223
5255
10367
1615
81846
11325
6472
6883
57142
57412
80774
7074
137209
196
246329
84125
63971
5116
64067
8491
91298
56652
23426
1763
85440
55714
166379
284439
1573
79054
9881
55763
23139
8938
5118
84187
4968
1602
1301
23024
5229
6098
84162
5992
3980
10869
271
284443
1609
80728
641
10397
9788
23035
9659
84258
23582
80258
7314
9853
8737
2992
3064
133060
2891
394
53904
776
79660
153478
5789
1778
55704
23332
29095
161357
1196
51594
10121
51750
29994
134957
2741
11214
5924
7082
622
128637
23095
9780
2267
9637
23041
1501
40
225
14
4957
492
23339
23078
2177
7840
1062
1807
29979
10097
2580
400745
23140
57169
25981
283537
63892
6017
114827
6092
80036
8641
9940
54856
2892
55734
28952
126295
317781
64799
23474
7172
4670
54453
7182
1773
27342
991
54867
55349
56995
1261
220047
54440
54839
7385
7155
57448
904
25950
63929
7158
6880
8632
667
26128
57057
3000
4756
84315
4137
8500
23164
788
6867
80317
23312
9655
83871
10001
79637
55745
57539
23348
2937
51506
23503
145508
5783
343450
23481
23001
9798
9043
6299
2915
133619
23523
3320
22871
56999
8567
8618
2904
58478
344148
6326
23637
23246
10564
9188
445
157922
57122
22997
56171
9369
672
23536
6018
2066
55083
7204
27445
125336
145226
10585
1952
1576
9121
7369
54625
89797
200185
23518
23352
79031
91010
6399
10075
7846
92017
27067
9786
146057
23307
7257
90268
6262
5495
175
10497
51163
23077
5518
7586
65065
57678
161779
11334
80731
27031
157680
3480
8925
8402
1826
3897
6317
60528
23334
341640
57553
7094
23230
779
54675
388015
196385
1756
84253
9912
7737
50649
6812
4439
56985
170692
5339
54920
8295
23253
6335
23137
64921
81544
6136
4125
65981
150209
4790
51727
1385
9079
10081
10659
57578
10988
9855
2644
10952
5069
79754
10699
55010
55243
23499
9391
22987
28990
285175
4891
157869
3038
54879
9667
9322
1917
351
56889
6161
1278
5230
2023
1337
6137
6141
6152
10454
6205
6134
6207
10291
6209
6159
6168
11224
6208
6223
9045
6128
6167
6133
506
80006
1937
143187
2752
10577
6418
498
1984
5862
553115
11171
9807
529
51187
51714
4849
4666
514
7429
1974
4708
4711
2639
8665
112869
7494
115265
8854
4259
5691
1537
8815
56993
4709
54539
91408
10890
55845
55593
5692
1650
9512
5608
55177
51079
5694
10486
5683
1293
23428
2997
54926
10190
347404
1315
6783
5687
5306
26292
27069
10540
51651
57633
1973
10109
2620
7265
6767
10959
10972
821
2717
3476
9167
157567
3336
27338
51660
9351
26499
6648
81689
115098
427
91300
137492
8608
5245
27257
51439
7353
9318
201965
10651
6723
51070
23423
1968
57003
593
2739
5717
5531
967
2958
55647
7965
54432
64708
3091
6396
91137
4905
54994
55148
344752
55758
5430
5529
9694
5501
7326
83475
51534
54948
55830
257364
317719
2963
754
50999
7922
51693
5238
8675
84058
7453
10670
143686
10424
10102
2632
10449
51184
7319
4927
83983
9352
8834
10096
25949
5435
6741
2339
11261
54902
58157
6120
3417
64137
11070
740
1457
84699
118881
51071
55850
1653
10083
10960
9054
10762
26119
253827
79053
10438
222698
23197
8544
91683
28985
84268
23203
11103
84885
116461
4795
51319
2395
51550
22926
23223
51412
54788
5412
84769
29074
79699
7542
10286
55454
734
10055
10640
60488
11267
8439
22950
56983
64978
81929
84033
28973
7818
148479
1462
326624
8226
6426
7514
23463
51434
902
55577
159963
65095
81839
51303
5195
55741
55858
6499
9477
9576
64983
65008
55140
10459
11164
29035
8539
1967
27295
348793
1352
1209
26512
10629
26269
51409
7105
8543
84946
134510
90231
5780
54853
51144
151194
53335
84188
26608
4088
149371
9184
340277
25796
138241
51060
55170
55720
51428
55676
147657
7378
51228
4682
1629
201164
10717
8310
55105
6877
167153
138716
2110
51692
150962
10714
11222
115353
55751
51567
54928
5822
26205
84246
1659
90293
7283
29116
23063
23608
84154
93183
51463
653519
28989
11133
1725
23160
9443
6659
152579
79939
8568
64147
7469
84912
1666
28970
7389
91252
814
26156
9790
84436
53630
285313
80150
11104
129685
26984
54859
140862
9129
95681
117246
64344
8449
5983
10240
9644
27125
2071
64746
56931
8812
85443
1161
143884
223
56910
27131
83732
7994
1432
100885850
80755
79872
1393
10153
55245
10162
2649
11154
158046
79892
55154
8504
51742
197320
9852
344787
83693
1958
112724
22893
11200
1163
51667
5498
92799
29968
728294
10237
93973
389432
54585
26284
3710
89765
9113
27292
162387
6924
100130274
55892
1428
9684
84131
254170
26580
129831
8697
84706
23092
53346
7421
10623
57647
84173
8208
129293
10421
81576
375743
8445
64858
65062
60436
8492
345895
285440
54103
55219
326625
7076
114800
5888
8131
8878
49856
4671
2745
582
9841
115426
374899
79807
10940
65094
79944
10243
79830
29085
81932
5000
203062
63934
3776
56113
10586
10468
5934
27327
5324
118427
79583
353088
113174
92949
9534
123016
5138
91392
56105
148156
2571
7148
10793
7748
84705
120379
90527
4536
168417
11020
2313
222894
23310
51499
7745
79087
92609
2823
494188
5889
84101
10336
84619
1961
342926
140545
126321
56987
8233
130940
121642
252983
4760
163227
63977
4245
63826
254528
169044
10660
5100
5609
64359
22873
80778
57611
79020
219931
23196
80851
4883
7768
3227
64168
26108
91369
79694
51320
7773
54842
90987
8929
9148
143570
126133
224
55276
51451
55661
55206
80232
26747
57168
23587
25886
123169
23154
25875
79809
9988
26589
55094
55795
80789
327
54908
51004
5830
8715
10892
2592
586
53919
55667
4174
4338
55027
63950
7101
57130
2237
57511
6576
51151
84342
55003
79609
6619
165918
80142
57102
51684
9654
112937
90407
56655
89832
5833
5253
10523
8161
8624
84266
7707
100130733
140775
4601
23169
95
54148
1368
56949
161424
51548
51389
2494
285590
55168
285704
79956
5393
129450
8120
79109
137964
146330
79959
9397
79758
23600
55186
6095
7517
54468
79654
55255
7571
2208
8398
9128
8525
705
51253
54475
8563
203069
80219
54973
81688
9399
63876
286826
55277
7392
340706
84928
84955
27429
79050
83861
9147
115294
5884
57171
6903
85465
133690
2184
79041
1522
55207
79720
55510
85406
246213
51699
1534
57118
79139
83939
91304
64419
80145
5431
10197
283219
79947
8607
550
253558
2962
10084
10606
22908
11160
57519
2193
6785
9584
10131
23192
51138
51399
79753
6400
140767
26073
10519
26047
348235
54108
8904
5716
51084
9570
9879
155061
6746
8664
10575
7180
11057
55176
4702
3276
60559
80762
4726
10574
10480
811
6143
7347
4830
10476
7167
1327
7107
6124
2947
51324
25824
6139
55860
4904
6138
6229
6777
23435
7295
9218
9588
9908
2321
5861
10383
226
2664
4738
4925
23017
25901
58485
1486
27109
169714
25820
191
9441
51182
9583
6301
8802
6233
56128
6386
383
10487
22913
6130
6637
387923
11047
2821
4860
3312
88745
83548
93550
200734
501
10477
3550
440957
80124
51202
8540
5718
4077
51072
1193
91949
38
54940
55191
54951
57703
27335
6729
51025
4832
1523
873
30836
5875
25843
23410
29894
84886
509
9487
55759
7520
10380
390595
2647
388335
29926
81894
9044
5358
51110
27000
53349
1891
55920
6428
26150
51103
4704
6731
51112
8940
83877
85313
27248
5073
63893
539
6341
55284
4232
5095
6730
10694
51181
3698
27089
84896
1508
22903
8565
3837
59339
6218
79084
29102
4086
8266
149951
6748
9551
201895
169200
3611
4850
9392
5641
55677
23555
10923
55827
4723
2952
10466
52
2806
51075
121601
953
1434
8165
10043
5700
333
8976
1123
64431
10376
128989
5394
382
6917
9049
3308
66036
10730
51028
7692
5193
1111
3198
51260
22894
54916
55754
29078
2068
114823
9733
55039
388743
9948
847
83932
6310
9575
51292
23168
51768
2290
8487
53918
285755
55109
3030
10782
4800
11152
55788
90353
9789
3747
372
144699
10250
259217
54880
5702
26048
51447
79882
10987
7360
91612
220323
55100
9491
27284
2235
80235
8321
2882
9057
5444
23142
11107
79674
51400
23028
5916
63910
23576
8260
8187
3356
54662
114088
8379
2932
7844
29882
4886
4175
80185
4705
10425
51763
84062
29844
112752
84159
64412
219681
51725
28999
92922
26025
6574
81570
3839
25904
8550
10450
4361
50508
10726
23420
203074
151112
56681
160418
113278
9364
11033
7675
9739
79770
152206
55324
6392
23350
3737
6294
4677
10961
11331
6650
56848
4811
51614
64318
80213
5198
84984
84343
91452
10430
26036
79705
22934
137695
29090
7405
3274
79670
51646
3549
64850
10458
2730
79918
400
2770
3420
26039
84749
7084
60485
55139
8881
5048
5162
404093
79871
54438
25885
79133
341208
26610
8935
90806
2799
9669
8533
25819
340554
4798
10296
9929
84527
55662
51234
4528
399671
10844
6749
10403
5887
26958
10213
7916
151126
1122
225689
9092
27158
27043
9716
29761
79818
8452
10036
5714
9135
5300
8661
56948
51386
57213
23061
80212
64429
164045
10437
55505
8270
84299
79746
5713
55280
10025
5688
23131
2896
1843
201134
10533