405
9960
7204
56132
54938
4134
56121
84364
10051
23321
201965
85358
51126
23049
9392
25998
2028
63874
23390
3316
56098
8443
2232
80724
57169
6857
8575
23523
84892
284339
29985
23347
78999
154743
56111
3782
63929
84335
9692
56916
8408
3241
1118
730094
6397
114781
5188
142689
91010
56105
56106
201456
63897
56950
727
8882
8001
3636
287
9201
23077
10102
57732
54971
79707
84872
142678
2678
9748
64786
54440
3416
23085
9378
128553
9371
51167
23327
23263
26115
2218
57282
23284
5359
2040
125058
146556
26057
389840
51061
9441
85021
22794
9512
57724
79660
1457
57719
10193
134957
7431
9881
8924
9487
7337
10564
254958
57679
1938
80036
54629
747
23002
374986
10787
7027
23499
22828
51108
60509
5458
23198
9836
23001
6597
81554
4308
124930
7175
29883
57657
23300
219736
22809
57020
5925
51571
80304
11319
10111
3181
1138
1837
55170
80762
8239
323
26503
6262
7637
5910
2531
2977
5536
2899
55576
23195
389432
5529
2182
9779
64137
80728
79183
23285
9043
1954
84079
394
81608
2650
652991
79809
146057
9764
727832
54769
781
55852
9135
91608
27352
23358
9099
3798
79269
29966
27291
5361
114804
145567
6624
347733
23274
55660
3818
25851
1636
26061
203238
23392
10178
22983
5636
55681
83891
55714
5128
5797
9690
1139
56850
6878
55718
10376
55361
58513
9480
526
4745
94005
636
84749
284161
9931
26038
10274
54510
55108
84842
51433
196528
22933
123879
55227
7812
65005
22920
1025
9079
338567
39
5927
91584
51280
10989
389072
84918
80020
9743
4356
254065
54980
200576
11188
4089
5082
64943
79443
60684
10724
23637
28231
8602
400224
149076
55854
80142
22878
11101
6653
8720
7511
23541
125488
92017
57633
80255
79705
25929
10174
200205
79699
57553
84253
23352
1464
23040
23161
26958
4673
55717
29904
54933
27067
590
8315
7322
221400
9927
79066
142
8930
30845
54901
84959
3064
8533
2975
55691
171586
27315
54919
146198
3631
64118
80727
23348
51400
57182
84557
284697
5335
55284
31
9955
51773
9025
9732
23382
84951
65258
23005
84913
9652
9706
5789
4919
79664
57336
309
8685
23178
54676
130507
55915
23518
2548
9429
26100
56252
64376
25829
26043
9855
114294
64759
5144
4735
1783
10144
51005
22883
6709
288
23158
7409
81544
1128
55327
162962
8803
55626
80208
4141
63893
4077
6198
27079
22905
1889
10818
10847
6449
57522
10893
55608
128387
4651
9818
56270
28996
8925
2776
55275
8394
4122
25989
64072
22930
23215
610
56895
65981
91949
29110
79831
2137
6477
3092
80333
9810
5066
10659
9320
26
9293
1136
23014
55761
9354
324
8618
51366
47
3508
2976
23173
201232
84629
7094
26093
27253
1983
6259
85015
64579
9101
4074
57569
84455
26275
29799
80108
23210
4641
6655
602
375790
9815
29979
84886
1499
10953
55255
10129
23122
120892
55860
5924
57700
2319
195814
55236
2194
10902
23167
23230
9922
4771
167465
56965
9854
55230
79154
126295
9567
10397
10623
783
51133
11276
85439
23473
253738
400745
151613
4326
25988
285343
90701
10184
8727
56165
23098
8897
1612
28964
727957
8396
54472
51646
10579
9821
64080
57221
759
57524
5824
1939
25
58528
160762
7248
55958
23190
206338
8450
5189
51430
390595
7551
5250
121665
11022
84461
4131
23061
55210
1047
80146
29117
54862
8945
2962
8567
92293
55069
10452
10061
374900
158431
23505
10885
2713
23131
4163
23385
64434
200734
1807
158747
64421
8642
57534
2820
10075
5832
79034
2195
201163
5745
10933
10231
1778
57521
54858
54867
5218
1982
51439
