Category	Term	Count	%	PValue	Genes	List Total	Pop Hits	Pop Total	Fold Enrichment	Bonferroni	Benjamini	FDR
KEGG_PATHWAY	hsa04120:Ubiquitin mediated proteolysis	18	3.1523642732049035	2.6892916473392584E-5	9320, 9354, 63893, 7322, 10075, 6477, 8450, 55284, 9690, 23327, 55236, 51366, 8945, 7337, 51433, 8924, 8925, 55958	175	70	2118	3.112163265306122	0.005471206862095013	0.005486154960572087	0.005486154960572087
GOTERM_BP_DIRECT	GO:0043547~positive regulation of GTPase activity	33	5.779334500875657	9.830899970894953E-5	7204, 9743, 57221, 134957, 394, 22930, 23348, 57569, 6709, 23161, 201163, 23263, 84364, 9815, 8924, 5910, 8925, 9135, 8567, 9855, 10818, 80728, 57679, 2776, 120892, 84253, 6655, 9922, 375790, 10144, 84079, 10564, 5924	448	179	4977	2.048097067039106	0.18845754761675115	0.08991400474821928	0.08991400474821928
GOTERM_CC_DIRECT	GO:0005886~plasma membrane	118	20.665499124343256	1.1699055820771692E-4	6477, 23167, 56098, 56132, 91010, 23327, 1612, 1457, 2028, 201163, 54510, 11188, 5536, 3636, 23210, 10818, 338567, 121665, 27253, 2678, 1983, 124930, 55576, 54769, 526, 5789, 2319, 8396, 26, 8394, 3416, 3818, 23263, 23385, 1636, 6262, 9378, 8567, 4641, 2977, 57534, 1128, 783, 4919, 6259, 55915, 85021, 1889, 4131, 47, 5066, 4771, 4651, 7248, 84918, 23002, 2195, 134957, 2194, 1139, 58513, 55761, 1138, 1136, 1499, 145567, 84364, 5335, 1938, 64072, 5218, 91608, 8727, 23499, 7094, 80036, 287, 56105, 288, 56106, 324, 57553, 120892, 196528, 9429, 57719, 78999, 375790, 84079, 5745, 22933, 5361, 64137, 29966, 57282, 28231, 56111, 610, 5359, 7812, 10397, 123879, 4163, 8001, 91584, 8642, 80208, 200734, 56121, 26503, 29979, 80727, 80333, 171586, 2776, 747, 6857, 5924	466	954	5148	1.366426431289983	0.04884180861011367	0.05007195891290284	0.04995496835469512
GOTERM_BP_DIRECT	GO:0006511~ubiquitin-dependent protein catabolic process	21	3.677758318739054	1.1949939882163287E-4	9960, 9354, 9101, 9810, 7322, 6477, 8533, 23014, 130507, 55230, 8450, 9099, 84749, 23358, 54472, 55236, 51366, 8945, 7337, 8239, 85015	448	91	4977	2.563701923076923	0.2241777852711615	0.08991400474821928	0.08991400474821928
GOTERM_MF_DIRECT	GO:0005096~GTPase activator activity	22	3.852889667250438	1.270281541681651E-4	9135, 23637, 64786, 9743, 125058, 23158, 134957, 394, 22930, 80728, 27352, 57569, 23061, 2776, 120892, 84364, 9815, 84253, 9779, 10144, 84079, 5910	457	97	5001	2.4819418439396332	0.08100912711376451	0.04988218689193788	0.049807176084581586
UP_SEQ_FEATURE	active site:Glycyl thioester intermediate	12	2.1015761821366024	1.2906278935199064E-4	9320, 63893, 7322, 55236, 51366, 10075, 7337, 8924, 55284, 9690, 8925, 23327	489	34	5368	3.874413569108625	0.1926515461554068	0.08129499382521523	0.08065796252941787
UP_KEYWORDS	Membrane	210	36.77758318739055	1.3629156375662577E-4	94005, 5144, 8897, 9743, 23167, 56098, 590, 55681, 80762, 2548, 23161, 284339, 11188, 10893, 3636, 3092, 65258, 92293, 22883, 57633, 2678, 55210, 400745, 1464, 55576, 5824, 10787, 2319, 4074, 25, 10075, 3416, 85439, 55227, 23263, 23385, 5832, 6262, 8443, 8567, 4641, 2218, 57534, 1128, 23390, 23274, 55236, 6259, 55915, 51439, 5066, 5189, 4771, 4651, 7248, 23001, 84918, 55361, 394, 1139, 58513, 1138, 1136, 1499, 145567, 84364, 11022, 9779, 64072, 10184, 389432, 23499, 287, 56105, 288, 56106, 120892, 11276, 9429, 5745, 22933, 23347, 23348, 28231, 1954, 56111, 610, 54971, 10397, 8001, 91584, 56121, 26503, 200576, 81544, 80333, 55275, 2137, 195814, 23352, 54867, 55714, 747, 6857, 55717, 26958, 6198, 9101, 3241, 56132, 57221, 91010, 55284, 2820, 2028, 51366, 54510, 4326, 5536, 8925, 7175, 10818, 25998, 2040, 338567, 121665, 27253, 124930, 55852, 90701, 54769, 526, 5789, 9487, 284161, 8396, 158747, 6653, 8394, 80146, 55069, 5797, 83891, 10231, 80142, 91949, 1636, 9378, 9931, 4122, 8720, 25851, 130507, 2182, 80255, 783, 201232, 4919, 85021, 9927, 1889, 25829, 2195, 134957, 51280, 55761, 10452, 5218, 91608, 8727, 84749, 7094, 80036, 10902, 324, 78999, 57719, 375790, 84079, 9706, 8618, 5361, 23505, 64137, 29966, 9043, 51061, 57282, 23061, 9955, 5359, 123879, 5250, 4163, 8642, 27315, 9293, 200734, 29979, 80727, 57732, 171586, 2776, 26100, 2531, 54901, 84892, 10564, 5924, 23190	491	1894	5414	1.2225766005630387	0.046065334704573635	0.01698300400111709	0.016688501041560142
GOTERM_BP_DIRECT	GO:0007165~signal transduction	47	8.231173380035026	1.3870788039124635E-4	4074, 6198, 5144, 4651, 9743, 8533, 9567, 6653, 8394, 394, 80762, 1612, 1139, 57524, 57569, 1457, 1138, 54472, 1136, 55227, 29883, 5335, 5797, 8945, 3631, 8882, 9378, 4163, 9354, 9392, 80728, 22920, 2977, 23390, 287, 1128, 288, 10902, 54862, 55852, 23098, 55714, 6259, 375790, 10144, 9706, 5529	448	298	4977	1.7521497483221478	0.25519733329084393	0.08991400474821928	0.08991400474821928
GOTERM_MF_DIRECT	GO:0005509~calcium ion binding	37	6.47985989492119	1.5002161471259514E-4	5066, 26, 56098, 56132, 3241, 2195, 29904, 1954, 58513, 23061, 2820, 6709, 56111, 54510, 5335, 10893, 5359, 4326, 64072, 4745, 9378, 6262, 8642, 23499, 22883, 23158, 56121, 80333, 56105, 27253, 56106, 84455, 55576, 375790, 309, 6857, 85021	457	212	5001	1.909881920647372	0.0949561269406225	0.04988218689193788	0.049807176084581586
UP_KEYWORDS	Cell membrane	87	15.236427320490368	1.5180294053966534E-4	9101, 5144, 4771, 4651, 9743, 23167, 56098, 56132, 2195, 91010, 134957, 55361, 58513, 55761, 1139, 1138, 1499, 1136, 54510, 145567, 11188, 10893, 5536, 4326, 64072, 91608, 5218, 8727, 23499, 22883, 7094, 2040, 338567, 287, 56105, 27253, 288, 56106, 2678, 400745, 124930, 324, 1464, 55576, 9429, 54769, 57719, 375790, 84079, 5745, 2319, 10787, 22933, 5361, 8396, 8394, 57282, 28231, 3416, 56111, 610, 23263, 5359, 10397, 123879, 1636, 9378, 4163, 91584, 8001, 8642, 4641, 9293, 56121, 26503, 29979, 80727, 57534, 80333, 23390, 1128, 783, 201232, 747, 5924, 55915, 1889	491	657	5414	1.4601270354974007	0.05117206096435711	0.01698300400111709	0.016688501041560142
UP_KEYWORDS	Phosphoprotein	320	56.042031523642734	1.630090684890228E-4	22878, 5144, 8897, 6597, 7204, 9743, 6477, 8533, 23167, 23049, 590, 55681, 57182, 2548, 1457, 23040, 54472, 201163, 11188, 3631, 51400, 51646, 3636, 3092, 389072, 23178, 55210, 51773, 1464, 55576, 9748, 5824, 2319, 4074, 25, 4077, 8315, 10075, 149076, 57524, 85439, 23382, 55227, 57521, 23263, 27067, 7337, 142678, 55108, 31, 84461, 26093, 6262, 8443, 8567, 63893, 4089, 4641, 23158, 142, 79660, 57534, 1128, 84455, 55236, 6259, 51433, 1807, 55915, 10885, 51439, 8575, 6397, 47, 5066, 10051, 5189, 4771, 4651, 7248, 10174, 2232, 23001, 84918, 23002, 64759, 23005, 55361, 29904, 8450, 394, 58513, 6709, 1136, 1499, 145567, 84364, 11022, 1939, 9779, 1938, 10061, 254065, 29117, 23499, 79443, 287, 10623, 288, 57679, 29110, 1025, 57553, 120892, 23131, 11276, 602, 5745, 27291, 9201, 22933, 9320, 9441, 65981, 4673, 9567, 7027, 23347, 23348, 22930, 28231, 1954, 57569, 610, 54971, 26057, 10274, 56916, 22809, 7812, 10397, 5636, 347733, 8001, 64421, 64786, 22828, 80208, 23358, 26503, 200576, 80333, 55275, 2137, 10847, 54862, 23230, 23352, 23473, 84253, 8239, 747, 6857, 55718, 55717, 5529, 26958, 6198, 9101, 8930, 64434, 26038, 23321, 56252, 60509, 57221, 84959, 91010, 23327, 1612, 2820, 26275, 51366, 8803, 636, 8924, 85015, 10376, 6624, 8925, 7175, 23210, 10818, 55170, 25998, 23215, 2040, 338567, 22920, 26043, 55854, 1983, 1982, 55852, 54769, 405, 6878, 10144, 8396, 6653, 8394, 80146, 2962, 5797, 83891, 10231, 55626, 10111, 80142, 1636, 9135, 9810, 9931, 22905, 8720, 25851, 130507, 2182, 10129, 27352, 80255, 2976, 783, 2975, 79269, 4919, 9922, 309, 85021, 9927, 1889, 4131, 128553, 9821, 25829, 26115, 221400, 22794, 2194, 134957, 23523, 51280, 1778, 10579, 56850, 84886, 5335, 9815, 8602, 7637, 5218, 8727, 4141, 92017, 7094, 54440, 151613, 323, 10902, 324, 23098, 1783, 196528, 78999, 57719, 375790, 84079, 10102, 9706, 8618, 3181, 23505, 25929, 29966, 28996, 9043, 3064, 51061, 57282, 23061, 55660, 57724, 5359, 6449, 5250, 23637, 4163, 7551, 23518, 9855, 8642, 200734, 146057, 80728, 79066, 29979, 80727, 57732, 5927, 23195, 26100, 23077, 23198, 389840, 54901, 5128, 10564, 5924, 23190, 5925	491	3108	5414	1.135287163800402	0.05484442475098583	0.01698300400111709	0.016688501041560142
GOTERM_BP_DIRECT	GO:0007156~homophilic cell adhesion via plasma membrane adhesion molecules	14	2.4518388791593697	1.6932957579702314E-4	8642, 56098, 22883, 56132, 56121, 2195, 56105, 27253, 56106, 56111, 54510, 5797, 55714, 64072	448	47	4977	3.3091755319148937	0.3021048990121489	0.08991400474821928	0.08991400474821928
UP_SEQ_FEATURE	domain:Cadherin 1	12	2.1015761821366024	1.7304624878810863E-4	27253, 56105, 56106, 56111, 8642, 54510, 56098, 22883, 56132, 56121, 2195, 64072	489	35	5368	3.7637160385626647	0.24943986742213287	0.08129499382521523	0.08065796252941787
UP_SEQ_FEATURE	domain:Cadherin 2	12	2.1015761821366024	1.7304624878810863E-4	27253, 56105, 56106, 56111, 8642, 54510, 56098, 22883, 56132, 56121, 2195, 64072	489	35	5368	3.7637160385626647	0.24943986742213287	0.08129499382521523	0.08065796252941787
INTERPRO	IPR016024:Armadillo-type fold	36	6.304728546409807	1.8658915856898967E-4	26958, 9320, 7248, 10075, 64434, 23001, 23002, 23167, 57221, 55681, 23049, 3064, 91010, 23348, 1499, 79699, 57169, 57521, 10274, 5910, 727957, 23358, 22920, 10129, 1983, 324, 1982, 23098, 120892, 23198, 196528, 23352, 6878, 8239, 10564, 5529	481	207	5291	1.9130434782608696	0.17470811810148157	0.13058258369082024	0.13007497403604543
UP_KEYWORDS	Calcium	41	7.180385288966725	1.963353063712958E-4	26, 56098, 56132, 3241, 2195, 29904, 1954, 58513, 2820, 2028, 6709, 56111, 54510, 5335, 10893, 5359, 4326, 64072, 4745, 9378, 6262, 8642, 8720, 23499, 22883, 56121, 80727, 80333, 80036, 56105, 27253, 783, 56106, 84455, 747, 375790, 309, 6857, 5924, 85021, 8618	491	249	5414	1.8156045771681428	0.0656822410500072	0.01698300400111709	0.016688501041560142
UP_SEQ_FEATURE	repeat:ANK 3	18	3.1523642732049035	2.554672558026998E-4	9881, 26115, 25998, 57182, 57534, 1612, 57524, 23390, 287, 288, 26057, 602, 142689, 142678, 9815, 84079, 79705, 55608	489	74	5368	2.670203946277566	0.3453266190757749	0.08129499382521523	0.08065796252941787
INTERPRO	IPR002126:Cadherin	12	2.1015761821366024	2.9410455833324834E-4	27253, 56105, 56106, 56111, 8642, 54510, 56098, 22883, 56132, 56121, 2195, 64072	481	37	5291	3.567567567567568	0.26116311194372954	0.13058258369082024	0.13007497403604543
UP_SEQ_FEATURE	repeat:ANK 9	9	1.5761821366024518	3.0843167360859936E-4	57534, 1612, 287, 288, 26057, 26115, 142678, 84079, 57182	489	21	5368	4.70464504820333	0.400379661918407	0.08129499382521523	0.08065796252941787
GOTERM_MF_DIRECT	GO:0045296~cadherin binding	7	1.2259194395796849	3.1881938005113523E-4	288, 1499, 324, 5797, 10893, 10397, 8727	457	12	5001	6.38347921225383	0.19107469170229863	0.0706716292446683	0.0705653561179846
UP_SEQ_FEATURE	repeat:ANK 4	16	2.8021015761821366	3.2148848489652634E-4	9881, 26115, 57182, 57534, 1612, 57524, 23390, 287, 288, 26057, 602, 142689, 142678, 84079, 79705, 55608	489	62	5368	2.832904545154694	0.4132248649943908	0.08129499382521523	0.08065796252941787
INTERPRO	IPR015919:Cadherin-like	12	2.1015761821366024	3.8070724108110857E-4	27253, 56105, 56106, 56111, 8642, 54510, 56098, 22883, 56132, 56121, 2195, 64072	481	38	5291	3.473684210526316	0.3241758301924118	0.13058258369082024	0.13007497403604543
UP_SEQ_FEATURE	splice variant	268	46.93520140105078	6.083757653559728E-4	94005, 22878, 5144, 8897, 7204, 9743, 6477, 23167, 56098, 23049, 80762, 10659, 23040, 23161, 201163, 11188, 3631, 51400, 3636, 389072, 9079, 65258, 23178, 22883, 2678, 55210, 51773, 9748, 5824, 10787, 25, 26, 4077, 10075, 203238, 1118, 114294, 85439, 55227, 57521, 23263, 27067, 23385, 7337, 142678, 5832, 55108, 31, 84461, 6262, 8567, 4641, 55230, 9099, 23390, 84455, 23274, 55236, 6259, 51433, 8575, 5066, 10051, 4771, 10174, 2232, 23001, 84918, 23002, 64759, 23005, 8450, 394, 6709, 1136, 1499, 79699, 145567, 11022, 1939, 64072, 128387, 23014, 254065, 29117, 23499, 79443, 287, 56105, 56106, 57679, 1025, 57553, 120892, 23131, 11276, 9429, 58528, 27291, 9201, 22933, 9441, 65981, 23347, 23348, 22930, 28231, 146556, 1954, 57569, 56111, 54971, 26057, 56916, 7812, 51108, 219736, 8001, 91584, 64421, 64786, 80208, 727957, 26503, 9690, 81544, 80333, 55275, 10847, 54862, 23230, 195814, 23352, 84253, 8239, 55718, 6198, 8930, 56252, 60509, 91010, 55284, 23327, 1612, 10933, 2820, 26275, 54510, 51005, 8803, 636, 85015, 4326, 55608, 9354, 23210, 55170, 25998, 23215, 121665, 27253, 124930, 1982, 55852, 405, 6878, 5789, 10144, 79809, 284161, 8396, 158747, 23300, 8394, 79034, 79154, 80146, 55069, 79831, 8945, 10231, 55626, 10111, 80020, 1636, 9135, 9378, 9810, 4122, 22905, 7511, 25851, 56165, 130507, 2182, 2977, 27352, 80255, 2976, 783, 2975, 79269, 63929, 56965, 4919, 9922, 79705, 85021, 9927, 1889, 26115, 134957, 51280, 374900, 10579, 54676, 56850, 5335, 9815, 8602, 10452, 5218, 8727, 92017, 80036, 151613, 323, 10902, 324, 23098, 60684, 196528, 57719, 10102, 8618, 3181, 114804, 29966, 28996, 9043, 51061, 57282, 23061, 55660, 57724, 57169, 5910, 5250, 23637, 4163, 23518, 9855, 27315, 80724, 64943, 146057, 79066, 29979, 80727, 57732, 5927, 26100, 125488, 652991, 23077, 23198, 389840, 54901	489	2557	5368	1.1505558741271604	0.6354144222310367	0.08129499382521523	0.08065796252941787
UP_SEQ_FEATURE	domain:Cadherin 3	11	1.926444833625219	6.19874029171866E-4	27253, 56105, 56106, 56111, 8642, 54510, 56098, 56132, 56121, 2195, 64072	489	34	5368	3.5515457716829064	0.642303282764828	0.08129499382521523	0.08065796252941787
UP_SEQ_FEATURE	domain:Cadherin 4	11	1.926444833625219	6.19874029171866E-4	27253, 56105, 56106, 56111, 8642, 54510, 56098, 56132, 56121, 2195, 64072	489	34	5368	3.5515457716829064	0.642303282764828	0.08129499382521523	0.08065796252941787
UP_SEQ_FEATURE	domain:Cadherin 6	11	1.926444833625219	6.19874029171866E-4	27253, 56105, 56106, 56111, 8642, 54510, 56098, 56132, 56121, 2195, 64072	489	34	5368	3.5515457716829064	0.642303282764828	0.08129499382521523	0.08065796252941787
UP_SEQ_FEATURE	domain:Cadherin 5	11	1.926444833625219	6.19874029171866E-4	27253, 56105, 56106, 56111, 8642, 54510, 56098, 56132, 56121, 2195, 64072	489	34	5368	3.5515457716829064	0.642303282764828	0.08129499382521523	0.08065796252941787
UP_KEYWORDS	Autophagy	16	2.8021015761821366	6.295711822456358E-4	22933, 25, 9821, 10193, 23001, 25851, 29979, 54472, 57724, 26100, 23274, 120892, 55626, 9779, 9706, 9927	491	66	5414	2.6730852311300373	0.1957943252147626	0.043566325811398	0.042810840392703234
UP_SEQ_FEATURE	repeat:ANK 6	12	2.1015761821366024	6.304524273993556E-4	57534, 57524, 1612, 287, 288, 9881, 26057, 26115, 602, 142678, 84079, 57182	489	40	5368	3.2932515337423314	0.6485260797352508	0.08129499382521523	0.08065796252941787
INTERPRO	IPR000569:HECT	8	1.4010507880910683	6.341560592883946E-4	9320, 51366, 10075, 7337, 8924, 9690, 8925, 23327	481	18	5291	4.888888888888889	0.4793897411051843	0.141134856007066	0.14058622682919597
UP_SEQ_FEATURE	domain:HECT	8	1.4010507880910683	6.425313300747636E-4	9320, 51366, 10075, 7337, 8924, 9690, 8925, 23327	489	18	5368	4.87889116109975	0.655499363765518	0.08129499382521523	0.08065796252941787
UP_SEQ_FEATURE	repeat:ANK 5	14	2.4518388791593697	6.933578424881045E-4	9881, 26115, 57182, 57534, 1612, 57524, 23390, 287, 288, 26057, 602, 142689, 142678, 84079	489	53	5368	2.8997183315970214	0.683358805542634	0.08129499382521523	0.08065796252941787
SMART	SM00112:CA	12	2.1015761821366024	7.393484930659728E-4	27253, 56105, 56106, 56111, 8642, 54510, 56098, 22883, 56132, 56121, 2195, 64072	310	36	2957	3.1795698924731184	0.1743316372815833	0.18923173683361527	0.18923173683361527
UP_SEQ_FEATURE	repeat:ANK 7	10	1.7513134851138354	7.517825597596974E-4	57534, 1612, 287, 288, 26057, 26115, 602, 142678, 84079, 57182	489	29	5368	3.7853465905084267	0.7126126296438917	0.08129499382521523	0.08065796252941787
INTERPRO	IPR020894:Cadherin conserved site	11	1.926444833625219	7.850481371746175E-4	27253, 56105, 56106, 56111, 8642, 54510, 56098, 56132, 56121, 2195, 64072	481	35	5291	3.4571428571428573	0.5543100668320868	0.141134856007066	0.14058622682919597
INTERPRO	IPR020683:Ankyrin repeat-containing domain	20	3.502626970227671	8.229437668050495E-4	9881, 26115, 25998, 57182, 57534, 1612, 57524, 23390, 287, 288, 124930, 120892, 26057, 602, 142689, 142678, 9815, 84079, 79705, 55608	481	96	5291	2.291666666666667	0.5713685265455334	0.141134856007066	0.14058622682919597
UP_SEQ_FEATURE	repeat:ANK 8	9	1.5761821366024518	8.724136683018593E-4	57534, 1612, 287, 288, 26057, 26115, 142678, 84079, 57182	489	24	5368	4.116564417177915	0.764746867693076	0.08129499382521523	0.08065796252941787
UP_KEYWORDS	GTPase activation	17	2.9772329246935203	8.802179730614353E-4	23637, 64786, 9743, 125058, 23158, 394, 22930, 57569, 23061, 120892, 84364, 9815, 84253, 9779, 10144, 84079, 5910	491	75	5414	2.4993346911065855	0.26264773904368266	0.05075923644654277	0.049879018473481335
UP_SEQ_FEATURE	repeat:ANK 1	19	3.327495621716287	8.820433326424797E-4	9881, 26115, 25998, 57182, 57534, 1612, 57524, 23390, 287, 288, 124930, 26057, 602, 142689, 142678, 9815, 84079, 79705, 55608	489	89	5368	2.343512327382183	0.7684763353092652	0.08129499382521523	0.08065796252941787
UP_SEQ_FEATURE	repeat:ANK 2	19	3.327495621716287	8.820433326424797E-4	9881, 26115, 25998, 57182, 57534, 1612, 57524, 23390, 287, 288, 124930, 26057, 602, 142689, 142678, 9815, 84079, 79705, 55608	489	89	5368	2.343512327382183	0.7684763353092652	0.08129499382521523	0.08065796252941787
GOTERM_CC_DIRECT	GO:0030027~lamellipodium	15	2.626970227670753	0.001172125891378428	4163, 4771, 4651, 7248, 8394, 2195, 57679, 323, 1499, 324, 5797, 5335, 6624, 2319, 3636	466	63	5148	2.630288166768853	0.39465947108480437	0.2114999160436196	0.2110057573612747
INTERPRO	IPR002110:Ankyrin repeat	19	3.327495621716287	0.0012881241879221963	9881, 26115, 25998, 57182, 57534, 1612, 57524, 23390, 287, 288, 124930, 26057, 602, 142689, 142678, 9815, 84079, 79705, 55608	481	92	5291	2.2717391304347827	0.7345514425904975	0.18935425562456287	0.18861818466003588
UP_KEYWORDS	Synapse	24	4.203152364273205	0.0013569162688715762	9378, 8001, 4131, 6198, 9743, 22883, 55361, 26503, 134957, 1128, 1139, 23390, 287, 288, 1138, 400745, 85439, 1136, 23098, 120892, 375790, 10564, 6857, 8618	491	131	5414	2.020117846426517	0.37488012574867924	0.06707043271850933	0.06590736163090513
SMART	SM00119:HECTc	8	1.4010507880910683	0.0014612489330781103	9320, 51366, 10075, 7337, 8924, 9690, 8925, 23327	310	18	2957	4.239426523297491	0.3152765589985992	0.18923173683361527	0.18923173683361527
GOTERM_MF_DIRECT	GO:0001540~beta-amyloid binding	6	1.0507880910683012	0.0017900948820342188	1139, 3416, 323, 6653, 22883, 590	457	11	5001	5.9689675750944895	0.696228603602618	0.2976032741381889	0.29715575041768033
GOTERM_CC_DIRECT	GO:0048471~perinuclear region of cytoplasm	36	6.304728546409807	0.0018785934924451652	22933, 4074, 8575, 5066, 25, 6198, 4771, 7248, 22794, 55681, 2195, 9043, 80762, 54472, 1499, 51167, 5797, 55626, 636, 10397, 4745, 80142, 123879, 8882, 9099, 2040, 200576, 29979, 55275, 10847, 9748, 602, 309, 10564, 2319, 1889	466	235	5148	1.6923385992146838	0.5528200498064297	0.2114999160436196	0.2110057573612747
GOTERM_BP_DIRECT	GO:0090630~activation of GTPase activity	10	1.7513134851138354	0.0019081031000574829	23637, 27352, 23061, 1983, 7248, 64786, 125058, 9779, 23158, 8394	448	33	4977	3.3664772727272725	0.9826936622518555	0.8105621969044188	0.8105621969044188
GOTERM_CC_DIRECT	GO:0005776~autophagosome	9	1.5761821366024518	0.0019766347293796224	79443, 8396, 26100, 4077, 23001, 55626, 9779, 3064, 29979	466	27	5148	3.682403433476395	0.5712309644771296	0.2114999160436196	0.2110057573612747
UP_KEYWORDS	Alternative splicing	351	61.471103327495626	0.002040648819493684	94005, 22878, 5144, 8897, 6597, 7322, 7204, 9743, 6477, 8533, 23167, 56098, 23049, 57182, 80762, 10659, 1457, 23040, 23161, 54472, 201163, 11188, 3631, 51400, 3636, 3092, 389072, 9079, 65258, 201965, 63874, 23178, 22883, 2678, 55210, 400745, 51773, 9748, 5824, 10787, 25, 26, 4077, 8315, 10193, 10075, 203238, 1118, 114294, 3416, 85439, 23382, 55227, 57521, 23263, 27067, 23385, 7337, 142678, 5832, 55108, 4745, 54938, 84461, 6262, 8443, 8567, 39, 4641, 125058, 55230, 9099, 2218, 1128, 23390, 84455, 23274, 55236, 6259, 51433, 142689, 8575, 6397, 47, 5066, 10051, 5189, 4771, 4651, 7248, 10174, 2232, 23001, 84918, 23002, 64759, 23005, 8450, 394, 1139, 58513, 6709, 1136, 1499, 79699, 145567, 84364, 11022, 1939, 9779, 64072, 128387, 10061, 23014, 254065, 29117, 23499, 79443, 287, 56105, 55255, 288, 56106, 57679, 114781, 1025, 57553, 23131, 11276, 9429, 64080, 58528, 27291, 9201, 22933, 9320, 9441, 65981, 4673, 7027, 23347, 23348, 22930, 28231, 146556, 1954, 57569, 56111, 54971, 26057, 10274, 56916, 7812, 10397, 5636, 51108, 54858, 219736, 8001, 91584, 64421, 64786, 22828, 80208, 727957, 26503, 9690, 200576, 81544, 80333, 55275, 10847, 54862, 23230, 195814, 23352, 54867, 84253, 8239, 55718, 5529, 26958, 6198, 9101, 8930, 23321, 56252, 60509, 91010, 55284, 23327, 25988, 1612, 10933, 2820, 26275, 51366, 54510, 51005, 51126, 8803, 636, 85015, 10376, 4326, 55608, 7175, 9354, 23210, 55170, 25998, 23215, 2040, 146198, 22920, 121665, 27253, 55854, 124930, 1982, 55852, 405, 6878, 5789, 10144, 79809, 9487, 284161, 8396, 158747, 23541, 23300, 8394, 79034, 79154, 80146, 55069, 79831, 29883, 5797, 8945, 83891, 10231, 55626, 10111, 80020, 1636, 9135, 9378, 9810, 9931, 4122, 22905, 7511, 25851, 56165, 130507, 2182, 9371, 2977, 27352, 80255, 2976, 783, 2975, 79269, 63929, 56965, 4919, 6655, 9922, 79705, 309, 85021, 9927, 1889, 128553, 9821, 26115, 221400, 134957, 23523, 374900, 10579, 55761, 54676, 56850, 84886, 5335, 9815, 8602, 10452, 5218, 8727, 4141, 92017, 80036, 151613, 323, 10902, 324, 23098, 1783, 60684, 196528, 57719, 375790, 10102, 8618, 3181, 114804, 9960, 64137, 29966, 28996, 9043, 51061, 57282, 23061, 55660, 57724, 57169, 5359, 5910, 5250, 23637, 4163, 7551, 23518, 9855, 27315, 80724, 200734, 64943, 146057, 80728, 79066, 29979, 80727, 57732, 5927, 171586, 26100, 125488, 652991, 2531, 23077, 23198, 389840, 54901, 5128	491	3547	5414	1.0911455537136745	0.5067730608118355	0.08001196029064662	0.07862446964976837
UP_KEYWORDS	ANK repeat	19	3.327495621716287	0.002081235961317398	9881, 26115, 25998, 57182, 57534, 1612, 57524, 23390, 287, 288, 124930, 26057, 602, 142689, 142678, 9815, 84079, 79705, 55608	491	96	5414	2.1823234894772567	0.5136652182669066	0.08001196029064662	0.07862446964976837
INTERPRO	IPR001251:CRAL-TRIO domain	6	1.0507880910683012	0.002779712531555467	6397, 158747, 7204, 23263, 23541, 79183	481	12	5291	5.500000000000001	0.9429773668367517	0.31781379944117505	0.31657837164937264
INTERPRO	IPR009091:Regulator of chromosome condensation 1/beta-lactamase-inhibitor protein II	6	1.0507880910683012	0.002779712531555467	57679, 51366, 23077, 8924, 25998, 8925	481	12	5291	5.500000000000001	0.9429773668367517	0.31781379944117505	0.31657837164937264
UP_SEQ_FEATURE	domain:CRAL-TRIO	6	1.0507880910683012	0.002806174262884825	6397, 158747, 7204, 23263, 23541, 79183	489	12	5368	5.488752556237219	0.9905257455885846	0.23503452092924873	0.2331927796561443
UP_SEQ_FEATURE	repeat:ANK 10	7	1.2259194395796849	0.002833448112468339	1612, 287, 288, 26057, 26115, 84079, 57182	489	17	5368	4.520149163960062	0.9909457872864498	0.23503452092924873	0.2331927796561443
SMART	SM00516:SEC14	6	1.0507880910683012	0.0032751414918312937	6397, 158747, 7204, 23263, 23541, 79183	310	11	2957	5.202932551319648	0.5724370608179135	0.2566525154868674	0.2566525154868674
GOTERM_CC_DIRECT	GO:0030426~growth cone	11	1.926444833625219	0.003414691359075493	8882, 81544, 22933, 57679, 25, 323, 7248, 120892, 8239, 6624, 3508	466	42	5148	2.893316983445739	0.7686882385481553	0.29229758033686215	0.2916146420650471
GOTERM_MF_DIRECT	GO:0017075~syntaxin-1 binding	5	0.8756567425569177	0.0035454255820378294	1612, 9810, 120892, 6857, 134957	457	8	5001	6.839442013129103	0.905758765193463	0.4715416024110313	0.4708325172946238
UP_KEYWORDS	Cell adhesion	21	3.677758318739054	0.003772584501199028	9378, 25, 8642, 10174, 56098, 22883, 56132, 56121, 2195, 56105, 27253, 56106, 56111, 1499, 54510, 5797, 55714, 10893, 64072, 2319, 3636	491	117	5414	1.9791111807405084	0.7295809947788741	0.1276204619515399	0.12540739035700452
SMART	SM00248:ANK	19	3.327495621716287	0.003963745412924593	9881, 26115, 25998, 57182, 57534, 1612, 57524, 23390, 287, 288, 124930, 26057, 602, 142689, 142678, 9815, 84079, 79705, 55608	310	89	2957	2.0363537513591883	0.6425107777644359	0.2566525154868674	0.2566525154868674
GOTERM_BP_DIRECT	GO:0048675~axon extension	6	1.0507880910683012	0.004000526849681382	9201, 4131, 80208, 5458, 8239, 9706	448	13	4977	5.127403846153846	0.9997993926356478	1.0	1.0
UP_KEYWORDS	Ubl conjugation pathway	40	7.005253940455342	0.004057297923314852	9960, 9320, 9101, 10193, 7322, 8315, 10075, 6477, 23321, 8450, 55284, 23327, 79699, 51366, 8945, 142678, 8924, 7337, 85015, 8925, 84461, 9354, 9810, 63893, 23014, 130507, 55230, 9099, 84749, 23358, 9690, 57534, 79269, 55236, 23077, 23352, 142689, 51433, 8239, 55958	491	281	5414	1.5696052068913033	0.7550449798158856	0.1276204619515399	0.12540739035700452
GOTERM_BP_DIRECT	GO:0008285~negative regulation of cell proliferation	22	3.852889667250438	0.004118217372379078	22933, 8575, 4771, 10193, 4089, 7248, 26038, 29117, 590, 22920, 2218, 1499, 324, 196528, 29883, 55626, 22809, 6878, 5745, 10397, 3636, 5925	448	127	4977	1.924458661417323	0.9998439219754202	1.0	1.0
GOTERM_MF_DIRECT	GO:0017137~Rab GTPase binding	14	2.4518388791593697	0.004379746269636289	23637, 64786, 125058, 23158, 134957, 22930, 27352, 57679, 23061, 57553, 636, 9779, 84079, 10397	457	64	5001	2.393804704595186	0.946008466274683	0.4854218782180221	0.484691920506416
GOTERM_BP_DIRECT	GO:0016236~macroautophagy	10	1.7513134851138354	0.004455077470026118	8897, 26100, 9821, 4077, 57521, 55626, 10452, 58528, 9927, 29979	448	37	4977	3.0025337837837838	0.9999239200375611	1.0	1.0
GOTERM_BP_DIRECT	GO:0031338~regulation of vesicle fusion	7	1.2259194395796849	0.0049918782213790236	23637, 27352, 23061, 64786, 125058, 9779, 23158	448	19	4977	4.092927631578948	0.9999758034757089	1.0	1.0
GOTERM_MF_DIRECT	GO:0032266~phosphatidylinositol-3-phosphate binding	7	1.2259194395796849	0.00538168026174682	57732, 3092, 23161, 26100, 25851, 55915, 56270	457	19	5001	4.031671081423471	0.9723597459851989	0.5112596248659479	0.5104908133999841
GOTERM_MF_DIRECT	GO:0005085~guanyl-nucleotide exchange factor activity	11	1.926444833625219	0.006182685986965014	57679, 7204, 201163, 23263, 8924, 6655, 84079, 10564, 22930, 5924, 23348	457	45	5001	2.6749817651349383	0.9838243592775211	0.5139357726664668	0.5131629369180962
UP_KEYWORDS	Guanine-nucleotide releasing factor	13	2.276707530647986	0.006555899836138217	8567, 9855, 7204, 57221, 23348, 57679, 23263, 6655, 9922, 84079, 10564, 5924, 8925	491	60	5414	2.389069925322471	0.897286273108987	0.1890284452753186	0.1857504953572495
GOTERM_CC_DIRECT	GO:0019898~extrinsic component of membrane	9	1.5761821366024518	0.007633351431470589	7175, 8897, 9810, 26100, 4771, 9855, 23230, 23001, 56270	466	33	5148	3.012875536480687	0.9623569748588546	0.5445124021115687	0.5432401768729903
GOTERM_MF_DIRECT	GO:0004842~ubiquitin-protein transferase activity	24	4.203152364273205	0.007874950325432674	9320, 9810, 10193, 63893, 7322, 8315, 10075, 6477, 23321, 23014, 130507, 55284, 9690, 23327, 57534, 79699, 51366, 23352, 8945, 7337, 142678, 8924, 8925, 55958	457	149	5001	1.762648142980923	0.9947920595006079	0.5818713296014142	0.5809963351208106
INTERPRO	IPR011993:Pleckstrin homology-like domain	25	4.378283712784588	0.008390799108244059	8897, 4771, 7204, 4651, 23001, 64759, 23348, 57569, 23263, 5335, 23637, 389072, 9855, 25851, 10818, 200734, 7094, 57679, 400745, 323, 400224, 6655, 9922, 5924, 8618	481	159	5291	1.729559748427673	0.9998284369689795	0.7808718108109243	0.7778363518767709
UP_SEQ_FEATURE	domain:PH 1	6	1.0507880910683012	0.00845752132431852	389072, 9855, 7204, 4651, 5335, 5924	489	15	5368	4.391002044989775	0.9999992340928803	0.6377739944111103	0.632776368174013
UP_SEQ_FEATURE	repeat:ANK 11	6	1.0507880910683012	0.00845752132431852	287, 288, 26057, 26115, 84079, 57182	489	15	5368	4.391002044989775	0.9999992340928803	0.6377739944111103	0.632776368174013
UP_KEYWORDS	Coiled coil	118	20.665499124343256	0.008518112929810705	9101, 8897, 6597, 7204, 26038, 56252, 23049, 55681, 91010, 23040, 201163, 11188, 636, 8924, 8925, 7175, 3092, 9354, 22883, 23215, 55210, 55854, 124930, 51773, 400224, 9748, 10144, 9881, 4077, 8315, 10193, 10075, 203238, 55227, 23263, 83891, 10111, 91949, 54938, 26093, 9135, 6262, 9810, 63893, 4089, 130507, 9371, 142, 57534, 27352, 9922, 85021, 9927, 4131, 128553, 10051, 9821, 4771, 4651, 7248, 23002, 22794, 134957, 51280, 1778, 10579, 58513, 55761, 6709, 56850, 84364, 9815, 8602, 10061, 92017, 29117, 23499, 79443, 80036, 29110, 324, 10902, 57553, 120892, 23131, 11276, 78999, 84872, 27291, 8618, 5361, 65981, 25929, 4673, 29966, 9043, 3064, 23347, 23348, 51061, 57724, 57169, 54971, 26057, 22809, 10274, 23637, 4163, 91584, 146057, 2776, 55275, 23195, 10847, 54862, 23230, 389840, 5924	491	1062	5414	1.225164064267934	0.9481754545709027	0.22671285182419262	0.2227814150873569
INTERPRO	IPR013164:Cadherin, N-terminal	8	1.4010507880910683	0.008624749242546212	27253, 56105, 56106, 56111, 54510, 56098, 56132, 56121	481	27	5291	3.2592592592592595	0.9998654211400193	0.7808718108109243	0.7778363518767709
UP_SEQ_FEATURE	topological domain:Cytoplasmic	79	13.835376532399298	0.009331955864216618	94005, 5066, 84918, 56098, 56132, 2195, 51280, 80762, 1139, 1138, 2028, 1136, 54510, 10893, 64072, 92293, 22883, 84749, 2040, 338567, 57633, 80036, 121665, 56105, 27253, 56106, 2678, 1464, 55576, 90701, 9429, 78999, 57719, 5789, 5745, 9487, 284161, 4074, 5361, 64137, 6653, 57282, 80146, 1954, 56111, 610, 23385, 5797, 9955, 5359, 80142, 1636, 9378, 6262, 91584, 8001, 4122, 8642, 8720, 9293, 80208, 56121, 2182, 80727, 81544, 2218, 23390, 1128, 201232, 2137, 4919, 2531, 55714, 6259, 747, 6857, 23190, 9927, 1889	489	668	5368	1.2982378800680847	0.9999998226301837	0.6731180338580596	0.6678434501087197
INTERPRO	IPR011989:Armadillo-like helical	21	3.677758318739054	0.009803041075588319	26958, 9320, 23001, 23002, 23167, 727957, 55681, 23049, 3064, 22920, 1499, 324, 79699, 57521, 23098, 120892, 23198, 6878, 5910, 10564, 5529	481	127	5291	1.8188976377952757	0.9999604164940292	0.7808718108109243	0.7778363518767709
GOTERM_MF_DIRECT	GO:0005200~structural constituent of cytoskeleton	10	1.7513134851138354	0.010011282329178257	3092, 287, 288, 6709, 10174, 636, 10376, 375790, 347733, 7094	457	41	5001	2.6690505417089185	0.9987580243734364	0.6657502748903541	0.6647491466574363
GOTERM_BP_DIRECT	GO:0016477~cell migration	13	2.276707530647986	0.010384353902768585	6198, 25, 8394, 2195, 64759, 91010, 23358, 55660, 2028, 324, 1464, 5335, 6624	448	64	4977	2.256591796875	0.9999999997650592	1.0	1.0
UP_SEQ_FEATURE	compositionally biased region:Poly-Ser	24	4.203152364273205	0.01049903466532904	7175, 8443, 25, 9855, 7204, 7248, 23001, 25851, 9480, 23499, 60509, 64759, 23005, 134957, 9371, 121665, 288, 151613, 51366, 55852, 57521, 10274, 405, 5458	489	153	5368	1.7219615862705	0.9999999748755561	0.7257457712408698	0.7200587941304832
INTERPRO	IPR009060:UBA-like	8	1.4010507880910683	0.010624106269536384	26043, 54472, 4077, 10075, 84959, 10102, 23358, 29979	481	28	5291	3.142857142857143	0.9999831421211766	0.7808718108109243	0.7778363518767709
INTERPRO	IPR018200:Peptidase C19, ubiquitin carboxyl-terminal hydrolase 2, conserved site	8	1.4010507880910683	0.010624106269536384	9960, 9101, 85015, 8239, 55230, 9099, 84749, 23358	481	28	5291	3.142857142857143	0.9999831421211766	0.7808718108109243	0.7778363518767709
GOTERM_CC_DIRECT	GO:0030054~cell junction	24	4.203152364273205	0.011302770818840641	9378, 8001, 4131, 6198, 9743, 22883, 55361, 26503, 134957, 1128, 1139, 23390, 1138, 400745, 85439, 1136, 2962, 1499, 23098, 120892, 375790, 10564, 6857, 8618	466	155	5148	1.7105357884535513	0.9922891954081006	0.6545631277174574	0.6530337746153138
GOTERM_CC_DIRECT	GO:0016020~membrane	105	18.388791593695274	0.012234824817148736	94005, 5144, 8897, 6597, 26038, 3241, 590, 2548, 51366, 11188, 636, 8924, 8925, 3092, 10818, 25998, 23215, 2040, 121665, 1982, 2319, 284161, 4074, 158747, 4077, 10075, 6653, 85439, 55227, 27067, 23385, 29883, 10111, 1636, 6262, 8443, 9810, 9931, 4641, 2182, 9371, 142, 1128, 2975, 6259, 9922, 309, 1889, 8575, 47, 5066, 4771, 7248, 23002, 2195, 55361, 2194, 394, 1778, 58513, 6709, 1499, 1938, 8602, 64072, 4141, 10061, 9392, 79443, 57679, 323, 1025, 1783, 84079, 5745, 3181, 23505, 25929, 4673, 9567, 23348, 146556, 55660, 26057, 6449, 5359, 5250, 8642, 200734, 79183, 26503, 2776, 55275, 23195, 26100, 54862, 2531, 23077, 23352, 54901, 55714, 8239, 10564, 3508, 55717	466	944	5148	1.2287680948570598	0.9948502267253686	0.6545631277174574	0.6530337746153138
GOTERM_MF_DIRECT	GO:0016874~ligase activity	20	3.502626970227671	0.012585612465862895	9320, 9354, 9810, 8315, 10075, 6477, 23321, 130507, 23327, 57534, 51366, 23077, 23352, 8945, 8803, 7337, 142678, 8924, 8925, 31	457	121	5001	1.8087780530589361	0.999780145725241	0.7608574808908023	0.7597133343029966
INTERPRO	IPR001394:Peptidase C19, ubiquitin carboxyl-terminal hydrolase 2	8	1.4010507880910683	0.012940049168124485	9960, 9101, 85015, 8239, 55230, 9099, 84749, 23358	481	29	5291	3.03448275862069	0.9999984882028702	0.8465826835072828	0.8432917887220261
INTERPRO	IPR000408:Regulator of chromosome condensation, RCC1	5	0.8756567425569177	0.01316357914102675	57679, 23077, 8924, 25998, 8925	481	11	5291	5.0	0.9999988024893148	0.8465826835072828	0.8432917887220261
UP_SEQ_FEATURE	repeat:RCC1 2	5	0.8756567425569177	0.013260585831316772	57679, 23077, 8924, 25998, 8925	489	11	5368	4.989775051124744	0.9999999997558228	0.8147893294131305	0.8084046029017559
UP_SEQ_FEATURE	repeat:RCC1 3	5	0.8756567425569177	0.013260585831316772	57679, 23077, 8924, 25998, 8925	489	11	5368	4.989775051124744	0.9999999997558228	0.8147893294131305	0.8084046029017559
UP_SEQ_FEATURE	repeat:RCC1 1	5	0.8756567425569177	0.013260585831316772	57679, 23077, 8924, 25998, 8925	489	11	5368	4.989775051124744	0.9999999997558228	0.8147893294131305	0.8084046029017559
UP_SEQ_FEATURE	repeat:WD 9	7	1.2259194395796849	0.014457027995594458	25929, 254065, 23005, 134957, 55717, 8925, 10885	489	23	5368	3.340979816840046	0.9999999999673347	0.8565789087389717	0.8498667171695885
UP_SEQ_FEATURE	domain:Rab-GAP TBC	7	1.2259194395796849	0.017836725396819422	23637, 27352, 23061, 64786, 125058, 9779, 23158	489	24	5368	3.201772324471711	0.9999999999998902	1.0	0.9927623642943305
GOTERM_MF_DIRECT	GO:0036459~thiol-dependent ubiquitinyl hydrolase activity	7	1.2259194395796849	0.018063954718102498	9960, 9101, 85015, 8239, 55230, 84749, 23358	457	24	5001	3.191739606126915	0.9999945633708763	1.0	0.9995388277350049
GOTERM_BP_DIRECT	GO:0010629~negative regulation of gene expression	10	1.7513134851138354	0.019173427346845982	80762, 29110, 201163, 29883, 3636, 2319, 25988, 1636, 5925, 219736	448	46	4977	2.415081521739131	1.0	1.0	1.0
INTERPRO	IPR011074:CRAL/TRIO, N-terminal domain	4	0.7005253940455342	0.01967487299242401	6397, 158747, 23541, 79183	481	7	5291	6.285714285714286	0.9999999986821433	1.0	0.9970817120622568
INTERPRO	IPR002048:EF-hand domain	12	2.1015761821366024	0.01968281514175295	80333, 58513, 6262, 23061, 2820, 6709, 84455, 5335, 23158, 3241, 23499, 85021	481	61	5291	2.1639344262295084	0.9999999986930839	1.0	0.9970817120622568
UP_KEYWORDS	Protease	26	4.553415061295972	0.020551098684723886	9960, 9101, 60509, 3416, 2028, 3818, 10893, 85015, 4326, 54858, 1636, 8720, 7511, 9512, 55230, 9099, 84749, 23358, 121665, 2678, 63929, 23173, 23473, 90701, 8239, 1889	491	181	5414	1.5839137626447322	0.9992419513839113	0.4919673389586466	0.4834361134275718
KEGG_PATHWAY	hsa00562:Inositol phosphate metabolism	8	1.4010507880910683	0.020906840935804	8396, 8897, 5335, 3631, 8394, 55361, 3636, 200576	175	35	2118	2.7663673469387753	0.9865692799710563	1.0	1.0
UP_KEYWORDS	Cell junction	30	5.253940455341506	0.02132806382768699	4131, 6198, 10174, 9743, 64759, 55361, 134957, 1139, 1138, 85439, 1499, 1136, 6624, 9378, 8001, 22883, 26503, 7094, 23390, 287, 1128, 288, 400745, 324, 23098, 120892, 375790, 10564, 6857, 8618	491	218	5414	1.5174050337263403	0.9994239652510768	0.4919673389586466	0.4834361134275718
INTERPRO	IPR000195:Rab-GTPase-TBC domain	7	1.2259194395796849	0.021514803997274765	23637, 27352, 23061, 64786, 125058, 9779, 23158	481	25	5291	3.08	0.9999999998093078	1.0	0.9970817120622568
GOTERM_CC_DIRECT	GO:0031410~cytoplasmic vesicle	16	2.8021015761821366	0.02216831939355969	22878, 4077, 4641, 25851, 80208, 55361, 200576, 29979, 79443, 57534, 2028, 120892, 636, 9779, 10564, 2319	466	95	5148	1.8605827874407048	0.9999319173545735	1.0	1.0
GOTERM_BP_DIRECT	GO:0042447~hormone catabolic process	3	0.5253940455341506	0.0227098204878052	3416, 1889, 1636	448	3	4977	11.109375	1.0	1.0	1.0
GOTERM_BP_DIRECT	GO:0014910~regulation of smooth muscle cell migration	3	0.5253940455341506	0.0227098204878052	5361, 6653, 1636	448	3	4977	11.109375	1.0	1.0	1.0
GOTERM_BP_DIRECT	GO:0010815~bradykinin catabolic process	3	0.5253940455341506	0.0227098204878052	3416, 7511, 1889	448	3	4977	11.109375	1.0	1.0	1.0
GOTERM_BP_DIRECT	GO:0010506~regulation of autophagy	6	1.0507880910683012	0.023042446612078958	1612, 8396, 25, 120892, 58528, 9706	448	19	4977	3.508223684210526	1.0	1.0	1.0
INTERPRO	IPR002498:Phosphatidylinositol-4-phosphate 5-kinase, core	3	0.5253940455341506	0.02315882496915954	8396, 8394, 200576	481	3	5291	11.000000000000002	0.999999999966205	1.0	0.9970817120622568
INTERPRO	IPR027484:Phosphatidylinositol-4-phosphate 5-kinase, N-terminal domain	3	0.5253940455341506	0.02315882496915954	8396, 8394, 200576	481	3	5291	11.000000000000002	0.999999999966205	1.0	0.9970817120622568
INTERPRO	IPR027483:Phosphatidylinositol-4-phosphate 5-kinase, C-terminal	3	0.5253940455341506	0.02315882496915954	8396, 8394, 200576	481	3	5291	11.000000000000002	0.999999999966205	1.0	0.9970817120622568
UP_SEQ_FEATURE	short sequence motif:Nuclear localization signal 2	3	0.5253940455341506	0.02325295271603062	27067, 23210, 22794	489	3	5368	10.977505112474438	1.0	1.0	0.9927623642943305
UP_SEQ_FEATURE	domain:PIPK	3	0.5253940455341506	0.02325295271603062	8396, 8394, 200576	489	3	5368	10.977505112474438	1.0	1.0	0.9927623642943305
UP_SEQ_FEATURE	short sequence motif:Nuclear localization signal 1	3	0.5253940455341506	0.02325295271603062	27067, 23210, 22794	489	3	5368	10.977505112474438	1.0	1.0	0.9927623642943305
GOTERM_MF_DIRECT	GO:0016308~1-phosphatidylinositol-4-phosphate 5-kinase activity	3	0.5253940455341506	0.02338548669529606	8396, 8394, 200576	457	3	5001	10.943107221006565	0.99999985347535	1.0	1.0
UP_SEQ_FEATURE	topological domain:Extracellular	54	9.457092819614711	0.023464695322443597	84918, 56098, 56132, 2195, 80762, 1139, 1138, 2028, 1136, 54510, 10893, 64072, 92293, 22883, 57633, 80036, 56105, 27253, 56106, 2678, 1464, 55576, 9429, 78999, 57719, 5789, 5745, 284161, 5361, 64137, 6653, 57282, 1954, 56111, 23385, 5797, 5359, 1636, 9378, 91584, 8001, 8642, 9293, 80208, 56121, 80727, 81544, 1128, 201232, 4919, 55714, 6259, 747, 1889	489	447	5368	1.326141557211677	1.0	1.0	0.9927623642943305
GOTERM_BP_DIRECT	GO:0006414~translational elongation	5	0.8756567425569177	0.023831973401427207	54676, 9567, 1938, 29904, 10102	448	13	4977	4.272836538461538	1.0	1.0	1.0
GOTERM_BP_DIRECT	GO:0046854~phosphatidylinositol phosphorylation	8	1.4010507880910683	0.024585360854700516	8396, 145567, 10818, 23167, 23049, 8394, 55361, 200576	448	33	4977	2.693181818181818	1.0	1.0	1.0
COG_ONTOLOGY	Cell division and chromosome partitioning / Cytoskeleton	5	0.8756567425569177	0.025923977292027743	57679, 23077, 8924, 25998, 8925	88	11	779	4.023760330578512	0.45344279708385427	0.5962514777166381	0.5962514777166381
SMART	SM00164:TBC	7	1.2259194395796849	0.026947387792989604	23637, 27352, 23061, 64786, 125058, 9779, 23158	310	23	2957	2.9030855539971947	0.9991541222062458	1.0	1.0
GOTERM_CC_DIRECT	GO:0005913~cell-cell adherens junction	21	3.677758318739054	0.027310792472776263	9101, 22905, 23499, 2194, 7094, 23348, 58513, 6709, 55854, 1499, 1983, 324, 1982, 54862, 5797, 9748, 51400, 1938, 6624, 10397, 2319	466	141	5148	1.6453291936809424	0.9999928728877898	1.0	1.0
UP_KEYWORDS	Cytoplasmic vesicle	26	4.553415061295972	0.027836741841631645	26958, 4077, 57221, 55681, 9043, 55361, 134957, 55626, 9779, 9135, 3092, 22905, 4641, 25851, 200734, 26503, 2040, 29979, 79443, 23390, 120892, 84079, 10564, 6857, 9706, 8618	491	186	5414	1.5413354356919167	0.9999427514666859	0.6019695423252843	0.5915307641346724
GOTERM_BP_DIRECT	GO:0051056~regulation of small GTPase mediated signal transduction	10	1.7513134851138354	0.028162670750306557	57569, 7204, 23263, 9743, 84253, 6655, 10144, 5924, 80728, 394	448	49	4977	2.267219387755102	1.0	1.0	1.0
GOTERM_BP_DIRECT	GO:0034497~protein localization to pre-autophagosomal structure	4	0.7005253940455342	0.028611665108449053	22878, 26100, 56270, 9927	448	8	4977	5.554687499999999	1.0	1.0	1.0
GOTERM_BP_DIRECT	GO:1901214~regulation of neuron death	4	0.7005253940455342	0.028611665108449053	29110, 7248, 23098, 120892	448	8	4977	5.554687499999999	1.0	1.0	1.0
GOTERM_BP_DIRECT	GO:0006661~phosphatidylinositol biosynthetic process	7	1.2259194395796849	0.029489234069574075	8396, 8897, 3631, 8394, 55361, 3636, 200576	448	27	4977	2.8802083333333335	1.0	1.0	1.0
UP_SEQ_FEATURE	repeat:ANK 18	4	0.7005253940455342	0.029555081246850155	287, 288, 26057, 57182	489	8	5368	5.48875255623722	1.0	1.0	0.9927623642943305
UP_SEQ_FEATURE	domain:Ig-like C2-type	4	0.7005253940455342	0.029555081246850155	57633, 4919, 7204, 5797	489	8	5368	5.48875255623722	1.0	1.0	0.9927623642943305
UP_SEQ_FEATURE	repeat:ANK 17	4	0.7005253940455342	0.029555081246850155	287, 288, 26057, 57182	489	8	5368	5.48875255623722	1.0	1.0	0.9927623642943305
UP_SEQ_FEATURE	repeat:ANK 19	4	0.7005253940455342	0.029555081246850155	287, 288, 26057, 57182	489	8	5368	5.48875255623722	1.0	1.0	0.9927623642943305
UP_KEYWORDS	Innate immunity	8	1.4010507880910683	0.02977448847945056	22933, 10623, 29110, 6397, 54472, 23098, 26057, 55718	491	34	5414	2.594465077273272	0.9999712954510285	0.6059984125817585	0.5954897695890112
GOTERM_MF_DIRECT	GO:0051019~mitogen-activated protein kinase binding	4	0.7005253940455342	0.029782272471964327	7175, 25, 4077, 1636	457	8	5001	5.471553610503283	0.9999999981463755	1.0	1.0
INTERPRO	IPR011992:EF-hand-like domain	13	2.276707530647986	0.029942310198933182	6262, 3241, 23499, 23158, 80333, 58513, 23061, 2820, 6709, 84455, 11276, 5335, 85021	481	73	5291	1.9589041095890412	0.999999999999974	1.0	0.9970817120622568
SMART	SM00330:PIPKc	3	0.5253940455341506	0.03040202722429879	8396, 8394, 200576	310	3	2957	9.538709677419355	0.9996632946705476	1.0	1.0
INTERPRO	IPR013320:Concanavalin A-like lectin/glucanase, subgroup	11	1.926444833625219	0.030417077387303034	9378, 6262, 1464, 5797, 23001, 375790, 22883, 2195, 4745, 84461, 8925	481	57	5291	2.1228070175438596	0.9999999999999843	1.0	0.9970817120622568
UP_SEQ_FEATURE	domain:SH3	11	1.926444833625219	0.03081395618895752	57524, 27352, 54440, 783, 6709, 25, 23263, 9743, 5335, 23499, 84959	489	57	5368	2.1184658988985756	1.0	1.0	0.9927623642943305
GOTERM_CC_DIRECT	GO:0005829~cytosol	144	25.21891418563923	0.03140293143421434	26958, 6198, 9101, 5144, 8897, 7322, 7204, 9743, 6477, 23167, 60509, 23049, 91010, 23327, 1457, 54472, 51005, 11188, 3631, 636, 5536, 6624, 759, 3636, 8925, 23210, 55170, 22920, 23173, 1983, 1982, 526, 10144, 5824, 10787, 8396, 25, 4077, 8315, 10193, 10075, 8394, 56270, 3416, 23382, 57521, 23263, 29883, 8945, 55626, 142678, 7337, 80142, 31, 9810, 8567, 63893, 4089, 4641, 125058, 9371, 57534, 27352, 55236, 1807, 51433, 6655, 55915, 9927, 8575, 4131, 47, 10051, 9821, 5189, 4651, 7248, 10174, 23002, 22794, 64118, 8450, 55361, 2194, 29904, 394, 1778, 3316, 6709, 1499, 145567, 84364, 5335, 9779, 1938, 5218, 8727, 4141, 7094, 287, 10623, 288, 57679, 29110, 324, 23098, 120892, 1783, 84079, 58528, 8618, 22933, 9320, 25929, 9567, 9043, 3064, 23348, 146556, 57569, 9836, 10274, 6449, 5359, 5910, 10397, 54858, 23637, 9855, 80208, 200734, 146057, 80728, 200576, 57732, 80333, 55275, 26100, 23230, 23198, 8239, 10564, 55718, 5924	466	1388	5148	1.1461082732433736	0.9999988270801347	1.0	1.0
UP_SEQ_FEATURE	domain:PH 2	5	0.8756567425569177	0.03232440360453409	389072, 9855, 7204, 4651, 5924	489	14	5368	3.920537540169442	1.0	1.0	0.9927623642943305
OMIM_DISEASE	114500~Colorectal cancer, somatic	4	0.7005253940455342	0.03348392325734337	4163, 1499, 324, 201163	111	9	1307	5.233233233233234	0.9975065624600234	1.0	1.0
UP_SEQ_FEATURE	compositionally biased region:Poly-Pro	20	3.502626970227671	0.037682508524496575	25, 23518, 10051, 9743, 7027, 9480, 22794, 60509, 3064, 23005, 23215, 288, 10847, 55852, 652991, 55626, 22809, 6655, 5925, 51439	489	136	5368	1.6143389871285938	1.0	1.0	0.9927623642943305
GOTERM_BP_DIRECT	GO:0016579~protein deubiquitination	8	1.4010507880910683	0.0380927139343107	9960, 9101, 85015, 8239, 55230, 9099, 84749, 23358	448	36	4977	2.46875	1.0	1.0	1.0
GOTERM_BP_DIRECT	GO:0007399~nervous system development	14	2.4518388791593697	0.03850903324270256	9201, 4131, 6597, 6477, 56132, 56121, 57282, 2218, 1128, 23040, 1136, 54510, 23230, 4745	448	85	4977	1.8297794117647057	1.0	1.0	1.0
GOTERM_CC_DIRECT	GO:0001726~ruffle	8	1.4010507880910683	0.039142080122197394	57679, 25, 4771, 4651, 5335, 526, 6624, 7094	466	36	5148	2.4549356223175964	0.999999962144713	1.0	1.0
UP_KEYWORDS	Endosome	25	4.378283712784588	0.03959517071923728	9101, 9743, 6653, 55681, 55361, 57182, 80762, 23161, 56850, 83891, 11188, 142678, 9779, 9135, 9392, 200576, 57732, 79443, 55275, 124930, 23274, 120892, 84079, 10564, 2319	491	183	5414	1.5063492593458203	0.9999991504284215	0.7447814632607368	0.7318661777706662
GOTERM_BP_DIRECT	GO:0007050~cell cycle arrest	10	1.7513134851138354	0.039765001743634586	27352, 25, 323, 324, 1982, 7248, 57521, 58528, 5925, 9927	448	52	4977	2.136418269230769	1.0	1.0	1.0
UP_SEQ_FEATURE	repeat:TPR 3	13	2.276707530647986	0.04006411138640503	9652, 9881, 26115, 23523, 55761, 151613, 125488, 23230, 145567, 51433, 6449, 5536, 79809	489	76	5368	1.8777311376601011	1.0	1.0	0.9927623642943305
GOTERM_BP_DIRECT	GO:0060828~regulation of canonical Wnt signaling pathway	4	0.7005253940455342	0.04011292418510461	120892, 8945, 5218, 55608	448	9	4977	4.9375	1.0	1.0	1.0
GOTERM_BP_DIRECT	GO:0007157~heterophilic cell-cell adhesion via plasma membrane cell adhesion molecules	4	0.7005253940455342	0.04011292418510461	9378, 8642, 55714, 5789	448	9	4977	4.9375	1.0	1.0	1.0
GOTERM_BP_DIRECT	GO:0016339~calcium-dependent cell-cell adhesion via plasma membrane cell adhesion molecules	4	0.7005253940455342	0.04011292418510461	9378, 8642, 56132, 64072	448	9	4977	4.9375	1.0	1.0	1.0
GOTERM_CC_DIRECT	GO:0016021~integral component of membrane	119	20.84063047285464	0.04018134408525052	56098, 56132, 57221, 590, 55284, 80762, 2548, 2820, 23161, 2028, 284339, 51366, 54510, 65258, 92293, 22883, 57633, 121665, 27253, 2678, 55210, 55852, 1464, 90701, 526, 5789, 5824, 10787, 9487, 284161, 4074, 158747, 10075, 6653, 23541, 80146, 55069, 23385, 5797, 10231, 80142, 1636, 6262, 9378, 8567, 9931, 4122, 8720, 25851, 130507, 2182, 2218, 23390, 80255, 4919, 55236, 6259, 1889, 9927, 51439, 6397, 5066, 25829, 84918, 2195, 134957, 1139, 1138, 1136, 11022, 10452, 64072, 10184, 389432, 23499, 84749, 79443, 80036, 56105, 56106, 10902, 9429, 57719, 78999, 375790, 5745, 23505, 64137, 9043, 23347, 51061, 57282, 28231, 1954, 23061, 56111, 54971, 9955, 5250, 8001, 91584, 8642, 27315, 9293, 56121, 26503, 81544, 171586, 2137, 2531, 23352, 195814, 54901, 84892, 54867, 55714, 747, 6857, 55717	466	1134	5148	1.1592751549833094	0.9999999761783387	1.0	1.0
GOTERM_CC_DIRECT	GO:0034045~pre-autophagosomal structure membrane	4	0.7005253940455342	0.04071269777445661	26100, 9821, 9706, 56270	466	9	5148	4.909871244635193	0.9999999812050211	1.0	1.0
UP_KEYWORDS	Neurodegeneration	22	3.852889667250438	0.04089840405189017	3092, 22933, 4141, 6653, 200205, 80208, 23321, 146057, 3064, 1778, 57679, 29110, 55275, 120892, 23230, 5832, 747, 1938, 5536, 10397, 3508, 9927	491	156	5414	1.5550159277246853	0.9999994689244273	0.7447814632607368	0.7318661777706662
BIOCARTA	h_wntPathway:WNT Signaling Pathway	5	0.8756567425569177	0.04105941091967035	1457, 1499, 324, 4089, 8945	49	16	556	3.5459183673469385	0.9934686317907075	1.0	1.0
UP_SEQ_FEATURE	repeat:ANK 16	4	0.7005253940455342	0.0413998919014249	287, 288, 26057, 57182	489	9	5368	4.87889116109975	1.0	1.0	0.9927623642943305
UP_SEQ_FEATURE	repeat:RCC1 5	4	0.7005253940455342	0.0413998919014249	57679, 23077, 8924, 8925	489	9	5368	4.87889116109975	1.0	1.0	0.9927623642943305
GOTERM_BP_DIRECT	GO:1902017~regulation of cilium assembly	6	1.0507880910683012	0.04178311353737774	23637, 27352, 23061, 64786, 125058, 9779	448	22	4977	3.0298295454545454	1.0	1.0	1.0
INTERPRO	IPR008936:Rho GTPase activation protein	7	1.2259194395796849	0.042442935400240744	5361, 57569, 91584, 9743, 10144, 80728, 394	481	29	5291	2.6551724137931036	1.0	1.0	0.9970817120622568
GOTERM_BP_DIRECT	GO:0071872~cellular response to epinephrine stimulus	3	0.5253940455341506	0.04273227339236404	22933, 6262, 5144	448	4	4977	8.332031249999998	1.0	1.0	1.0
GOTERM_BP_DIRECT	GO:0007185~transmembrane receptor protein tyrosine phosphatase signaling pathway	3	0.5253940455341506	0.04273227339236404	7204, 10818, 5789	448	4	4977	8.332031249999998	1.0	1.0	1.0
GOTERM_BP_DIRECT	GO:0086005~ventricular cardiac muscle cell action potential	3	0.5253940455341506	0.04273227339236404	6262, 287, 23327	448	4	4977	8.332031249999998	1.0	1.0	1.0
GOTERM_BP_DIRECT	GO:0031325~positive regulation of cellular metabolic process	3	0.5253940455341506	0.04273227339236404	47, 2194, 31	448	4	4977	8.332031249999998	1.0	1.0	1.0
GOTERM_MF_DIRECT	GO:0019900~kinase binding	7	1.2259194395796849	0.043325809617725905	54472, 1499, 22809, 3064, 8394, 5925, 29979	457	29	5001	2.641439674036067	0.9999999999998386	1.0	1.0
GOTERM_BP_DIRECT	GO:0007155~cell adhesion	16	2.8021015761821366	0.04352121347741575	9855, 10174, 56098, 22883, 56132, 56121, 2195, 394, 27253, 1499, 324, 54510, 55576, 2319, 3636, 8727	448	104	4977	1.7091346153846152	1.0	1.0	1.0
INTERPRO	IPR020859:ROC GTPase	3	0.5253940455341506	0.04354895483012939	1612, 120892, 79705	481	4	5291	8.25	1.0	1.0	0.9970817120622568
INTERPRO	IPR010606:Mib-herc2	3	0.5253940455341506	0.04354895483012939	57534, 142678, 8924	481	4	5291	8.25	1.0	1.0	0.9970817120622568
UP_SEQ_FEATURE	repeat:NHL 4	3	0.5253940455341506	0.043720046564800163	5066, 55714, 23321	489	4	5368	8.233128834355828	1.0	1.0	0.9927623642943305
UP_SEQ_FEATURE	repeat:NHL 2	3	0.5253940455341506	0.043720046564800163	5066, 55714, 23321	489	4	5368	8.233128834355828	1.0	1.0	0.9927623642943305
UP_SEQ_FEATURE	repeat:NHL 3	3	0.5253940455341506	0.043720046564800163	5066, 55714, 23321	489	4	5368	8.233128834355828	1.0	1.0	0.9927623642943305
UP_SEQ_FEATURE	repeat:NHL 1	3	0.5253940455341506	0.043720046564800163	5066, 55714, 23321	489	4	5368	8.233128834355828	1.0	1.0	0.9927623642943305
UP_SEQ_FEATURE	repeat:NHL 5	3	0.5253940455341506	0.043720046564800163	5066, 55714, 23321	489	4	5368	8.233128834355828	1.0	1.0	0.9927623642943305
GOTERM_CC_DIRECT	GO:0005769~early endosome	15	2.626970227670753	0.04468901913097587	9135, 9101, 4771, 6477, 6653, 125058, 9392, 57679, 23161, 124930, 56850, 11188, 142678, 84079, 1889	466	95	5148	1.7442963632256607	0.9999999968234078	1.0	1.0
GOTERM_BP_DIRECT	GO:0006914~autophagy	12	2.1015761821366024	0.04594283057060126	22933, 54472, 25, 57724, 9821, 10193, 23274, 120892, 23230, 25851, 9779, 9706	448	70	4977	1.9044642857142857	1.0	1.0	1.0
BIOCARTA	h_eifPathway:Eukaryotic protein translation	4	0.7005253940455342	0.0470734163218581	1983, 1982, 1938, 29904	49	10	556	4.538775510204082	0.9969300372257751	1.0	1.0
GOTERM_BP_DIRECT	GO:0050885~neuromuscular process controlling balance	5	0.8756567425569177	0.0489641694079364	2548, 9378, 25, 5458, 8925	448	16	4977	3.4716796875	1.0	1.0	1.0
GOTERM_BP_DIRECT	GO:0042787~protein ubiquitination involved in ubiquitin-dependent protein catabolic process	12	2.1015761821366024	0.05017549071629385	9320, 114781, 55236, 51366, 10075, 23352, 6477, 51433, 8924, 8450, 9690, 23327	448	71	4977	1.8776408450704223	1.0	1.0	1.0
UP_SEQ_FEATURE	domain:EF-hand	5	0.8756567425569177	0.0508709608875935	58513, 23061, 5335, 23158, 85021	489	16	5368	3.430470347648262	1.0	1.0	0.9927623642943305
UP_SEQ_FEATURE	repeat:WD 11	5	0.8756567425569177	0.0508709608875935	25929, 23005, 134957, 8925, 10885	489	16	5368	3.430470347648262	1.0	1.0	0.9927623642943305
UP_SEQ_FEATURE	repeat:WD 10	5	0.8756567425569177	0.0508709608875935	25929, 23005, 134957, 8925, 10885	489	16	5368	3.430470347648262	1.0	1.0	0.9927623642943305
UP_SEQ_FEATURE	domain:EGF-like 4	6	1.0507880910683012	0.051857613108606114	1954, 55576, 55714, 375790, 2195, 4745	489	23	5368	2.8636969858628967	1.0	1.0	0.9927623642943305
GOTERM_MF_DIRECT	GO:0051015~actin filament binding	9	1.5761821366024518	0.05362685603280838	3092, 783, 25, 4651, 1938, 6624, 23499, 7094, 8727	457	46	5001	2.141042717153458	0.9999999999999999	1.0	1.0
UP_SEQ_FEATURE	compositionally biased region:Glu-rich	16	2.8021015761821366	0.05493495622166966	9881, 4771, 64434, 10075, 203238, 23215, 2962, 57553, 10847, 652991, 51773, 9748, 11188, 57719, 8925, 26093	489	106	5368	1.6569819037697266	1.0	1.0	0.9927623642943305
INTERPRO	IPR002017:Spectrin repeat	4	0.7005253940455342	0.05496027492698913	6709, 7204, 23263, 23499	481	10	5291	4.4	1.0	1.0	0.9970817120622568
UP_SEQ_FEATURE	repeat:RCC1 4	4	0.7005253940455342	0.055250676007481146	57679, 23077, 8924, 8925	489	10	5368	4.391002044989776	1.0	1.0	0.9927623642943305
UP_SEQ_FEATURE	repeat:ANK 15	4	0.7005253940455342	0.055250676007481146	287, 288, 26057, 57182	489	10	5368	4.391002044989776	1.0	1.0	0.9927623642943305
UP_SEQ_FEATURE	repeat:ANK 13	4	0.7005253940455342	0.055250676007481146	287, 288, 26057, 57182	489	10	5368	4.391002044989776	1.0	1.0	0.9927623642943305
UP_SEQ_FEATURE	repeat:ANK 14	4	0.7005253940455342	0.055250676007481146	287, 288, 26057, 57182	489	10	5368	4.391002044989776	1.0	1.0	0.9927623642943305
UP_SEQ_FEATURE	repeat:WD 8	7	1.2259194395796849	0.05696582949017306	25929, 254065, 23005, 134957, 55717, 8925, 10885	489	31	5368	2.4787914770103567	1.0	1.0	0.9927623642943305
UP_KEYWORDS	SH3 domain	12	2.1015761821366024	0.05731833352817399	57524, 27352, 54440, 783, 6709, 25, 7204, 10174, 9743, 5335, 23499, 84959	491	72	5414	1.8377460964019008	0.9999999986500706	0.9901781395437277	0.9730074203608886
INTERPRO	IPR001452:Src homology-3 domain	12	2.1015761821366024	0.058091307455040084	57524, 27352, 54440, 783, 6709, 25, 7204, 10174, 23263, 9743, 5335, 84959	481	72	5291	1.8333333333333333	1.0	1.0	0.9970817120622568
GOTERM_MF_DIRECT	GO:0044325~ion channel binding	8	1.4010507880910683	0.05960786697830586	6262, 287, 288, 5144, 1499, 120892, 3064, 23327	457	39	5001	2.244739942770577	1.0	1.0	1.0
GOTERM_MF_DIRECT	GO:0043130~ubiquitin binding	8	1.4010507880910683	0.05960786697830586	22933, 3416, 26043, 54472, 4077, 8315, 51366, 390595	457	39	5001	2.244739942770577	1.0	1.0	1.0
GOTERM_MF_DIRECT	GO:0005525~GTP binding	18	3.1523642732049035	0.06001971701678331	9567, 394, 2977, 1612, 2776, 1983, 54676, 120892, 54769, 10376, 1938, 79705, 347733, 309, 91608, 58528, 55915, 9927	457	125	5001	1.5758074398249453	1.0	1.0	1.0
UP_KEYWORDS	Cytoplasm	179	31.34851138353765	0.06009751713993724	26958, 6198, 9101, 5144, 8897, 7204, 9743, 6477, 8533, 23321, 23167, 60509, 57221, 23049, 55681, 84959, 91010, 23327, 1612, 10659, 54472, 201163, 11188, 51126, 8924, 10376, 5536, 6624, 759, 3636, 8925, 7175, 3092, 9354, 23178, 25998, 2040, 55854, 23173, 55576, 9748, 5824, 79809, 284161, 8396, 25, 4077, 8315, 10075, 23541, 8394, 55860, 3416, 57524, 85439, 23382, 55227, 57521, 27067, 23263, 29883, 8945, 142678, 7337, 80142, 4745, 31, 84461, 1636, 9135, 9652, 8567, 63893, 4089, 39, 22905, 4641, 7511, 56165, 9099, 9371, 10129, 2977, 57534, 27352, 6259, 9922, 79705, 309, 55915, 8575, 6397, 4131, 47, 10051, 9821, 5189, 4771, 4651, 7248, 10174, 23001, 23002, 22794, 221400, 2195, 134957, 2194, 394, 1778, 10579, 55761, 3316, 6709, 1499, 84886, 145567, 84364, 11022, 1939, 1938, 5218, 8727, 4141, 9392, 23499, 7094, 287, 288, 29110, 1025, 324, 57553, 23098, 120892, 1783, 11276, 602, 64080, 58528, 3181, 22933, 65981, 25929, 9567, 29966, 28996, 9043, 3064, 22930, 26057, 22809, 7812, 10397, 347733, 54858, 219736, 8882, 23637, 4163, 64786, 80208, 200734, 146057, 29979, 57732, 81544, 80333, 54862, 652991, 23352, 23198, 8239, 10564, 3508, 6857, 5924, 55717, 5529	491	1790	5414	1.1026476578411406	0.9999999995139872	0.9901781395437277	0.9730074203608886
GOTERM_MF_DIRECT	GO:0008144~drug binding	6	1.0507880910683012	0.06142719947389207	1128, 5144, 26, 6624, 2194, 1636	457	24	5001	2.7357768052516414	1.0	1.0	1.0
KEGG_PATHWAY	hsa04070:Phosphatidylinositol signaling system	8	1.4010507880910683	0.06392752228861276	8396, 8897, 5335, 3631, 8394, 55361, 3636, 200576	175	44	2118	2.2005194805194805	0.9999985967560551	1.0	1.0
KEGG_PATHWAY	hsa04910:Insulin signaling pathway	9	1.5761821366024518	0.06402891634571267	6198, 7248, 57521, 6655, 2194, 3636, 31, 2319, 79660	175	53	2118	2.0552021563342318	0.999998627425094	1.0	1.0
GOTERM_CC_DIRECT	GO:0012505~endomembrane system	8	1.4010507880910683	0.06418154575558215	23637, 27352, 23061, 64786, 23263, 526, 23158, 23348	466	40	5148	2.209442060085837	0.9999999999995323	1.0	1.0
GOTERM_CC_DIRECT	GO:0005887~integral component of plasma membrane	37	6.47985989492119	0.06677499264083	9201, 4074, 5361, 6653, 56132, 2195, 55361, 57282, 51280, 28231, 2028, 610, 23385, 5797, 10893, 5359, 4326, 5250, 9378, 91584, 8001, 10818, 9293, 56121, 26503, 2040, 338567, 1128, 783, 201232, 4919, 1464, 55576, 55714, 6259, 5789, 5745	466	311	5148	1.3142983315623145	0.9999999999998573	1.0	1.0
GOTERM_BP_DIRECT	GO:0007043~cell-cell junction assembly	3	0.5253940455341506	0.06703997947206458	201163, 6624, 7094	448	5	4977	6.665625	1.0	1.0	1.0
GOTERM_BP_DIRECT	GO:0007213~G-protein coupled acetylcholine receptor signaling pathway	3	0.5253940455341506	0.06703997947206458	1128, 2776, 375790	448	5	4977	6.665625	1.0	1.0	1.0
GOTERM_BP_DIRECT	GO:0001702~gastrulation with mouth forming second	3	0.5253940455341506	0.06703997947206458	1499, 4089, 10818	448	5	4977	6.665625	1.0	1.0	1.0
GOTERM_BP_DIRECT	GO:2000134~negative regulation of G1/S transition of mitotic cell cycle	3	0.5253940455341506	0.06703997947206458	6597, 29117, 5925	448	5	4977	6.665625	1.0	1.0	1.0
GOTERM_BP_DIRECT	GO:0032729~positive regulation of interferon-gamma production	3	0.5253940455341506	0.06703997947206458	54440, 5144, 602	448	5	4977	6.665625	1.0	1.0	1.0
GOTERM_BP_DIRECT	GO:0045732~positive regulation of protein catabolic process	6	1.0507880910683012	0.06763165464658302	80762, 1457, 324, 6653, 8450, 23327	448	25	4977	2.66625	1.0	1.0	1.0
GOTERM_CC_DIRECT	GO:0030877~beta-catenin destruction complex	3	0.5253940455341506	0.06773931133918984	1499, 324, 6477	466	5	5148	6.628326180257511	0.9999999999999084	1.0	1.0
UP_SEQ_FEATURE	domain:Cadherin 10	3	0.5253940455341506	0.06853697020294974	8642, 2195, 64072	489	5	5368	6.586503067484663	1.0	1.0	0.9927623642943305
UP_SEQ_FEATURE	domain:Cadherin 23	3	0.5253940455341506	0.06853697020294974	8642, 2195, 64072	489	5	5368	6.586503067484663	1.0	1.0	0.9927623642943305
UP_SEQ_FEATURE	domain:Cadherin 25	3	0.5253940455341506	0.06853697020294974	8642, 2195, 64072	489	5	5368	6.586503067484663	1.0	1.0	0.9927623642943305
UP_SEQ_FEATURE	domain:Cadherin 27	3	0.5253940455341506	0.06853697020294974	8642, 2195, 64072	489	5	5368	6.586503067484663	1.0	1.0	0.9927623642943305
UP_SEQ_FEATURE	domain:Cadherin 19	3	0.5253940455341506	0.06853697020294974	8642, 2195, 64072	489	5	5368	6.586503067484663	1.0	1.0	0.9927623642943305
UP_SEQ_FEATURE	domain:Cadherin 22	3	0.5253940455341506	0.06853697020294974	8642, 2195, 64072	489	5	5368	6.586503067484663	1.0	1.0	0.9927623642943305
UP_SEQ_FEATURE	domain:Cadherin 14	3	0.5253940455341506	0.06853697020294974	8642, 2195, 64072	489	5	5368	6.586503067484663	1.0	1.0	0.9927623642943305
UP_SEQ_FEATURE	domain:Cadherin 26	3	0.5253940455341506	0.06853697020294974	8642, 2195, 64072	489	5	5368	6.586503067484663	1.0	1.0	0.9927623642943305
UP_SEQ_FEATURE	domain:Cadherin 15	3	0.5253940455341506	0.06853697020294974	8642, 2195, 64072	489	5	5368	6.586503067484663	1.0	1.0	0.9927623642943305
UP_SEQ_FEATURE	domain:Cadherin 24	3	0.5253940455341506	0.06853697020294974	8642, 2195, 64072	489	5	5368	6.586503067484663	1.0	1.0	0.9927623642943305
UP_SEQ_FEATURE	domain:Cadherin 12	3	0.5253940455341506	0.06853697020294974	8642, 2195, 64072	489	5	5368	6.586503067484663	1.0	1.0	0.9927623642943305
UP_SEQ_FEATURE	domain:Cadherin 16	3	0.5253940455341506	0.06853697020294974	8642, 2195, 64072	489	5	5368	6.586503067484663	1.0	1.0	0.9927623642943305
UP_SEQ_FEATURE	domain:Cadherin 20	3	0.5253940455341506	0.06853697020294974	8642, 2195, 64072	489	5	5368	6.586503067484663	1.0	1.0	0.9927623642943305
UP_SEQ_FEATURE	domain:Cadherin 11	3	0.5253940455341506	0.06853697020294974	8642, 2195, 64072	489	5	5368	6.586503067484663	1.0	1.0	0.9927623642943305
UP_SEQ_FEATURE	domain:Cadherin 21	3	0.5253940455341506	0.06853697020294974	8642, 2195, 64072	489	5	5368	6.586503067484663	1.0	1.0	0.9927623642943305
UP_SEQ_FEATURE	domain:Cadherin 18	3	0.5253940455341506	0.06853697020294974	8642, 2195, 64072	489	5	5368	6.586503067484663	1.0	1.0	0.9927623642943305
UP_SEQ_FEATURE	domain:Cadherin 17	3	0.5253940455341506	0.06853697020294974	8642, 2195, 64072	489	5	5368	6.586503067484663	1.0	1.0	0.9927623642943305
UP_SEQ_FEATURE	domain:Cadherin 13	3	0.5253940455341506	0.06853697020294974	8642, 2195, 64072	489	5	5368	6.586503067484663	1.0	1.0	0.9927623642943305
GOTERM_BP_DIRECT	GO:0016601~Rac protein signal transduction	4	0.7005253940455342	0.06890625394695894	57679, 9855, 11188, 10787	448	11	4977	4.0397727272727275	1.0	1.0	1.0
GOTERM_BP_DIRECT	GO:0007528~neuromuscular junction development	4	0.7005253940455342	0.06890625394695894	288, 57679, 783, 120892	448	11	4977	4.0397727272727275	1.0	1.0	1.0
GOTERM_BP_DIRECT	GO:0006821~chloride transport	4	0.7005253940455342	0.06890625394695894	8001, 57719, 57282, 80727	448	11	4977	4.0397727272727275	1.0	1.0	1.0
GOTERM_BP_DIRECT	GO:0007268~chemical synaptic transmission	12	2.1015761821366024	0.06970932728065474	9378, 1138, 783, 8001, 1499, 80208, 78999, 375790, 56132, 5789, 6857, 2319	448	75	4977	1.7774999999999999	1.0	1.0	1.0
GOTERM_CC_DIRECT	GO:0005892~acetylcholine-gated channel complex	4	0.7005253940455342	0.0698812744960425	1139, 1138, 1136, 134957	466	11	5148	4.017167381974248	0.9999999999999658	1.0	1.0
UP_SEQ_FEATURE	repeat:TPR 1	13	2.276707530647986	0.07058360814004686	9652, 9881, 26115, 23523, 55761, 151613, 125488, 23230, 145567, 51433, 6449, 5536, 79809	489	83	5368	1.7193682706285265	1.0	1.0	0.9927623642943305
UP_SEQ_FEATURE	repeat:TPR 2	13	2.276707530647986	0.07058360814004686	9652, 9881, 26115, 23523, 55761, 151613, 125488, 23230, 145567, 51433, 6449, 5536, 79809	489	83	5368	1.7193682706285265	1.0	1.0	0.9927623642943305
INTERPRO	IPR018159:Spectrin/alpha-actinin	4	0.7005253940455342	0.07063403584711583	6709, 7204, 23263, 23499	481	11	5291	4.0	1.0	1.0	0.9970817120622568
UP_SEQ_FEATURE	repeat:ANK 12	4	0.7005253940455342	0.07099695982366883	287, 288, 26057, 57182	489	11	5368	3.9918200408997957	1.0	1.0	0.9927623642943305
GOTERM_MF_DIRECT	GO:0030674~protein binding, bridging	6	1.0507880910683012	0.07128565063741596	287, 288, 57521, 602, 6624, 10111	457	25	5001	2.6263457330415756	1.0	1.0	1.0
GOTERM_MF_DIRECT	GO:0070006~metalloaminopeptidase activity	4	0.7005253940455342	0.07150377312345284	2028, 23173, 7511, 4326	457	11	5001	3.9793117167296597	1.0	1.0	1.0
UP_KEYWORDS	Charcot-Marie-Tooth disease	7	1.2259194395796849	0.07235196963730632	1778, 4141, 80208, 23321, 10397, 3508, 9927	491	33	5414	2.338949577238783	0.9999999999948168	1.0	0.9855072463768116
GOTERM_CC_DIRECT	GO:0043005~neuron projection	14	2.4518388791593697	0.07334736779480566	5066, 6198, 9810, 4771, 4651, 55361, 287, 288, 85439, 23382, 120892, 55714, 84079, 6857	466	93	5148	1.6630209054409526	0.9999999999999931	1.0	1.0
INTERPRO	IPR000306:Zinc finger, FYVE-type	5	0.8756567425569177	0.07365656428988304	79443, 57732, 8897, 23001, 200576	481	18	5291	3.055555555555556	1.0	1.0	0.9970817120622568
UP_KEYWORDS	Immunity	10	1.7513134851138354	0.07469781585789292	22933, 10623, 29110, 6397, 54472, 64421, 23098, 26057, 55718, 3636	491	58	5414	1.9011166514502424	0.9999999999978416	1.0	0.9855072463768116
GOTERM_BP_DIRECT	GO:0043123~positive regulation of I-kappaB kinase/NF-kappaB signaling	9	1.5761821366024518	0.07509366179170984	80762, 23390, 29110, 25, 1499, 54862, 26057, 142678, 5536	448	50	4977	1.9996875000000003	1.0	1.0	1.0
BIOCARTA	h_g1Pathway:Cell Cycle: G1/S Check Point 	4	0.7005253940455342	0.07632686928754821	25, 4089, 7027, 5925	49	12	556	3.7823129251700673	0.9999271889586955	1.0	1.0
UP_SEQ_FEATURE	compositionally biased region:Pro-rich	32	5.604203152364273	0.07716235828581598	23505, 9441, 25, 5144, 26038, 23002, 56252, 91010, 1954, 58513, 10579, 57524, 610, 51366, 10452, 3636, 26093, 9855, 22828, 23215, 80728, 79269, 57553, 10847, 4919, 54862, 652991, 23352, 602, 57719, 84872, 85021	489	263	5368	1.3356660212896654	1.0	1.0	0.9927623642943305
UP_KEYWORDS	Differentiation	24	4.203152364273205	0.07828106675749684	9201, 8882, 3092, 22933, 65981, 7551, 10075, 6477, 23210, 26038, 221400, 56165, 23327, 23040, 1464, 23098, 120892, 23198, 55714, 55626, 11022, 375790, 4745, 6857	491	187	5414	1.4151627694217845	0.9999999999994362	1.0	0.9855072463768116
GOTERM_BP_DIRECT	GO:0010468~regulation of gene expression	7	1.2259194395796849	0.079059321748346	1954, 128553, 55576, 4745, 134957, 25988, 219736	448	34	4977	2.2872242647058827	1.0	1.0	1.0
UP_KEYWORDS	TPR repeat	13	2.276707530647986	0.07941410754653365	9652, 9881, 26115, 23523, 55761, 151613, 125488, 23230, 145567, 51433, 6449, 5536, 79809	491	85	5414	1.6864023002276267	0.9999999999996316	1.0	0.9855072463768116
INTERPRO	IPR019775:WD40 repeat, conserved site	13	2.276707530647986	0.08048281025290427	25929, 23001, 29966, 254065, 134957, 2976, 55255, 79269, 8945, 55626, 55717, 8925, 10885	481	85	5291	1.6823529411764708	1.0	1.0	0.9970817120622568
UP_KEYWORDS	Metalloprotease	10	1.7513134851138354	0.0814572872918195	3416, 63929, 2028, 7511, 9512, 10893, 4326, 60509, 1889, 1636	491	59	5414	1.868894335323967	0.9999999999998292	1.0	0.9855072463768116
UP_KEYWORDS	Polymorphism	328	57.4430823117338	0.08354014567850067	94005, 22878, 8897, 6597, 7204, 65005, 23167, 23049, 590, 55681, 126295, 2548, 10659, 23161, 54472, 284339, 11188, 3631, 10893, 3636, 3092, 65258, 9512, 201965, 92293, 23178, 22883, 57633, 2678, 55210, 51773, 1464, 55576, 9748, 2319, 9881, 25, 26, 4077, 162962, 10075, 203238, 1118, 114294, 3416, 85439, 55227, 27067, 23385, 7337, 142678, 5832, 4745, 54938, 31, 84461, 26093, 9652, 6262, 8567, 63893, 4089, 39, 4641, 125058, 23158, 55230, 9099, 142, 79660, 2218, 57534, 23390, 84455, 23274, 55236, 6259, 51433, 55915, 10885, 6397, 47, 5066, 5188, 10051, 5189, 4771, 4651, 7248, 10174, 2232, 23001, 84918, 64759, 23005, 29904, 8450, 394, 1138, 3316, 6709, 1136, 1499, 84364, 11022, 1939, 9779, 64072, 10184, 23014, 254065, 23499, 79443, 167465, 287, 56105, 10623, 55255, 288, 56106, 57679, 29110, 1025, 57553, 120892, 23131, 11276, 9429, 27291, 9201, 65981, 9567, 7027, 200205, 23347, 23348, 22930, 28231, 146556, 57569, 56111, 610, 26057, 10274, 56916, 22809, 10397, 347733, 158431, 219736, 64421, 22828, 80208, 56121, 727957, 23358, 200576, 81544, 57336, 54980, 55275, 2137, 54862, 23230, 195814, 23352, 54867, 84253, 55714, 747, 55718, 26958, 6198, 9101, 8930, 64434, 26038, 60509, 56132, 57221, 84959, 23327, 25988, 1612, 2820, 2028, 26275, 51366, 51005, 8803, 636, 85015, 759, 55608, 8925, 7175, 10818, 55170, 80108, 25998, 23215, 338567, 22920, 55854, 1983, 1982, 55852, 405, 6878, 5789, 10144, 79809, 158747, 6653, 23541, 23300, 79034, 3818, 2962, 79831, 5797, 8945, 83891, 10111, 80142, 91949, 80020, 1636, 9135, 9378, 9810, 9931, 4122, 22905, 8720, 25851, 56165, 2182, 10129, 2977, 27352, 783, 2975, 63929, 4919, 6655, 9922, 79705, 1889, 4131, 128553, 9821, 26115, 221400, 2195, 2194, 134957, 23523, 51280, 374900, 1778, 10579, 55761, 84886, 51167, 5335, 9815, 5458, 8602, 5218, 91608, 8727, 4141, 9392, 84749, 7094, 80036, 323, 10902, 324, 23098, 78999, 375790, 84079, 9706, 114804, 9960, 25929, 64137, 29966, 28996, 9043, 3064, 51061, 23061, 57724, 57169, 9836, 5359, 5910, 123879, 8882, 4163, 7551, 23518, 9855, 8642, 80724, 79183, 64943, 146057, 79066, 57732, 5927, 171586, 2776, 23195, 652991, 23077, 23198, 389840, 54901, 5128, 10564, 3508, 5924, 23190, 5925	491	3453	5414	1.0474035093307097	0.9999999999999222	1.0	0.9855072463768116
GOTERM_BP_DIRECT	GO:0030307~positive regulation of cell growth	5	0.8756567425569177	0.08437906576377584	1457, 2137, 1982, 57521, 2182	448	19	4977	2.9235197368421053	1.0	1.0	1.0
INTERPRO	IPR019734:Tetratricopeptide repeat	11	1.926444833625219	0.08461194550248972	9652, 55761, 9881, 151613, 145567, 26115, 51433, 6449, 5536, 23523, 79809	481	68	5291	1.7794117647058825	1.0	1.0	0.9970817120622568
GOTERM_BP_DIRECT	GO:0051965~positive regulation of synapse assembly	4	0.7005253940455342	0.08596500864706957	57633, 9378, 22883, 29904	448	12	4977	3.703125	1.0	1.0	1.0
INTERPRO	IPR018247:EF-Hand 1, calcium-binding site	9	1.5761821366024518	0.08635782666246544	80333, 58513, 2820, 6709, 84455, 5335, 3241, 23499, 85021	481	51	5291	1.9411764705882353	1.0	1.0	0.9970817120622568
UP_SEQ_FEATURE	domain:UBA	5	0.8756567425569177	0.08743389674012055	4077, 10075, 84959, 23358, 29979	489	19	5368	2.8888171348616942	1.0	1.0	0.9927623642943305
UP_SEQ_FEATURE	repeat:WD 12	4	0.7005253940455342	0.08850001589263469	25929, 23005, 134957, 10885	489	12	5368	3.659168370824813	1.0	1.0	0.9927623642943305
UP_SEQ_FEATURE	zinc finger region:ZZ-type	4	0.7005253940455342	0.08850001589263469	57534, 4077, 142678, 8924	489	12	5368	3.659168370824813	1.0	1.0	0.9927623642943305
UP_KEYWORDS	Thiol protease	10	1.7513134851138354	0.08857467497201511	9960, 9101, 23473, 85015, 8239, 55230, 9099, 84749, 23358, 54858	491	60	5414	1.8377460964019008	0.9999999999999885	1.0	0.9855072463768116
GOTERM_MF_DIRECT	GO:0008135~translation factor activity, RNA binding	4	0.7005253940455342	0.08911588159556143	5188, 1983, 1982, 29904	457	12	5001	3.647702407002188	1.0	1.0	1.0
GOTERM_MF_DIRECT	GO:0005086~ARF guanyl-nucleotide exchange factor activity	4	0.7005253940455342	0.08911588159556143	9922, 57221, 10564, 8925	457	12	5001	3.647702407002188	1.0	1.0	1.0
UP_KEYWORDS	Cell projection	33	5.779334500875657	0.0896559860739129	22933, 4131, 4771, 4651, 9743, 23002, 8394, 55361, 5335, 6624, 3636, 8882, 4163, 8001, 4641, 80208, 23499, 22883, 146057, 7094, 9371, 81544, 288, 324, 1464, 23098, 120892, 55714, 8239, 10564, 3508, 79809, 10787	491	278	5414	1.3088982988761741	0.9999999999999923	1.0	0.9855072463768116
GOTERM_BP_DIRECT	GO:0045087~innate immune response	9	1.5761821366024518	0.09020297324187232	22933, 10623, 29110, 6397, 54472, 25, 23098, 26057, 55718	448	52	4977	1.9227764423076925	1.0	1.0	1.0
INTERPRO	IPR001849:Pleckstrin homology domain	13	2.276707530647986	0.09228371434834416	389072, 9855, 7204, 4651, 23348, 57569, 400224, 23263, 5335, 6655, 9922, 5924, 8618	481	87	5291	1.64367816091954	1.0	1.0	0.9970817120622568
UP_KEYWORDS	Calmodulin-binding	9	1.5761821366024518	0.09344809805338186	6262, 1612, 6709, 4651, 4641, 23352, 29966, 29904, 5924	491	52	5414	1.9084286385712046	0.9999999999999982	1.0	0.9855072463768116
GOTERM_MF_DIRECT	GO:0004871~signal transducer activity	11	1.926444833625219	0.093696112190748	80762, 23390, 54472, 2776, 1499, 1464, 54862, 29883, 5335, 142678, 5536	457	69	5001	1.7445533250880032	1.0	1.0	1.0
UP_SEQ_FEATURE	compositionally biased region:Ser-rich	22	3.852889667250438	0.0938469524534136	114804, 23505, 8567, 23210, 125058, 146057, 8450, 23358, 57182, 288, 57569, 79269, 23040, 151613, 124930, 324, 23274, 23131, 23077, 26057, 23352, 55626	489	171	5368	1.4123105992657172	1.0	1.0	0.9927623642943305
GOTERM_BP_DIRECT	GO:2001244~positive regulation of intrinsic apoptotic signaling pathway	3	0.5253940455341506	0.09470515078770579	8575, 201163, 6477	448	6	4977	5.5546875	1.0	1.0	1.0
GOTERM_BP_DIRECT	GO:0035095~behavioral response to nicotine	3	0.5253940455341506	0.09470515078770579	1139, 1138, 1136	448	6	4977	5.5546875	1.0	1.0	1.0
GOTERM_BP_DIRECT	GO:0072383~plus-end-directed vesicle transport along microtubule	3	0.5253940455341506	0.09470515078770579	79443, 9371, 22920	448	6	4977	5.5546875	1.0	1.0	1.0
INTERPRO	IPR000261:EPS15 homology (EH)	3	0.5253940455341506	0.09639368928465608	58513, 11276, 85021	481	6	5291	5.500000000000001	1.0	1.0	0.9970817120622568
INTERPRO	IPR003126:Zinc finger, N-recognin	3	0.5253940455341506	0.09639368928465608	51366, 23352, 130507	481	6	5291	5.500000000000001	1.0	1.0	0.9970817120622568
UP_SEQ_FEATURE	zinc finger region:UBR-type	3	0.5253940455341506	0.09674695915100423	51366, 23352, 130507	489	6	5368	5.488752556237219	1.0	1.0	0.9927623642943305
UP_SEQ_FEATURE	repeat:ANK 23	3	0.5253940455341506	0.09674695915100423	287, 288, 26057	489	6	5368	5.488752556237219	1.0	1.0	0.9927623642943305
UP_SEQ_FEATURE	repeat:ANK 22	3	0.5253940455341506	0.09674695915100423	287, 288, 26057	489	6	5368	5.488752556237219	1.0	1.0	0.9927623642943305
GOTERM_CC_DIRECT	GO:0005938~cell cortex	8	1.4010507880910683	0.09711332656529398	10129, 80762, 1499, 7248, 4651, 9743, 9099, 219736	466	44	5148	2.008583690987124	1.0	1.0	1.0
GOTERM_BP_DIRECT	GO:0000045~autophagosome assembly	5	0.8756567425569177	0.09834310547097479	22878, 26100, 9821, 56270, 29979	448	20	4977	2.7773437500000004	1.0	1.0	1.0
SMART	SM00291:ZnF_ZZ	4	0.7005253940455342	0.0990204054510983	57534, 4077, 142678, 8924	310	11	2957	3.4686217008797655	0.9999999999981328	1.0	1.0
SMART	SM00150:SPEC	4	0.7005253940455342	0.0990204054510983	6709, 7204, 23263, 23499	310	11	2957	3.4686217008797655	0.9999999999981328	1.0	1.0
